#X		Y		Free		Pro
151.500000	-73.500000	22.326706	0.000000
151.500000	-70.500000	22.042189	0.000000
151.500000	-67.500000	22.133155	0.000000
151.500000	-64.500000	22.323339	0.000000
151.500000	-61.500000	21.920568	0.000000
151.500000	-58.500000	21.235928	0.000000
151.500000	-55.500000	19.843013	0.000000
151.500000	-52.500000	18.515299	0.000000
151.500000	-49.500000	17.599048	0.000000
151.500000	-46.500000	16.339605	0.000000
151.500000	-43.500000	15.162517	0.000000
151.500000	-40.500000	14.476893	0.000000
151.500000	-37.500000	13.770777	0.000000
151.500000	-34.500000	13.264273	0.000000
151.500000	-31.500000	12.943268	0.000000
151.500000	-28.500000	12.819716	0.000000
151.500000	-25.500000	13.183762	0.000000
151.500000	-22.500000	13.670501	0.000000
151.500000	-19.500000	14.387789	0.000000
151.500000	-16.500000	15.130405	0.000000
151.500000	-13.500000	15.631517	0.000000
151.500000	-10.500000	16.188774	0.000000
151.500000	-7.500000	16.800055	0.000000
151.500000	-4.500000	17.208251	0.000000
151.500000	-1.500000	17.228405	0.000000
151.500000	1.500000	16.785434	0.000000
151.500000	4.500000	16.492908	0.000000
151.500000	7.500000	16.197388	0.000000
151.500000	10.500000	15.740432	0.000000
151.500000	13.500000	15.670911	0.000000
151.500000	16.500000	15.839753	0.000000
151.500000	19.500000	16.211614	0.000000
151.500000	22.500000	16.921582	0.000000
151.500000	25.500000	17.712736	0.000000
151.500000	28.500000	18.667042	0.000000
151.500000	31.500000	19.667564	0.000000
151.500000	34.500000	20.464267	0.000000
151.500000	37.500000	20.465517	0.000000
151.500000	40.500000	20.365176	0.000000
151.500000	43.500000	20.715160	0.000000
151.500000	46.500000	20.946285	0.000000
151.500000	49.500000	20.678701	0.000000
151.500000	52.500000	19.892677	0.000000
151.500000	55.500000	19.607738	0.000000
151.500000	58.500000	19.317006	0.000000
151.500000	61.500000	19.133262	0.000000
151.500000	64.500000	19.139655	0.000000
151.500000	67.500000	19.360073	0.000000
151.500000	70.500000	20.199309	0.000000
151.500000	73.500000	20.974912	0.000000

154.500000	-73.500000	23.173162	0.000000
154.500000	-70.500000	22.792201	0.000000
154.500000	-67.500000	22.324413	0.000000
154.500000	-64.500000	21.959078	0.000000
154.500000	-61.500000	21.487957	0.000000
154.500000	-58.500000	20.794754	0.000000
154.500000	-55.500000	19.530970	0.000000
154.500000	-52.500000	18.110269	0.000000
154.500000	-49.500000	17.134177	0.000000
154.500000	-46.500000	16.036568	0.000000
154.500000	-43.500000	14.881407	0.000000
154.500000	-40.500000	14.146663	0.000000
154.500000	-37.500000	13.465959	0.000000
154.500000	-34.500000	13.085926	0.000000
154.500000	-31.500000	12.907697	0.000000
154.500000	-28.500000	12.980034	0.000000
154.500000	-25.500000	13.400504	0.000000
154.500000	-22.500000	13.838651	0.000000
154.500000	-19.500000	14.552306	0.000000
154.500000	-16.500000	15.382028	0.000000
154.500000	-13.500000	16.076193	0.000000
154.500000	-10.500000	16.763666	0.000000
154.500000	-7.500000	17.348121	0.000000
154.500000	-4.500000	17.630220	0.000000
154.500000	-1.500000	17.543071	0.000000
154.500000	1.500000	17.000364	0.000000
154.500000	4.500000	16.608517	0.000000
154.500000	7.500000	16.311871	0.000000
154.500000	10.500000	15.944664	0.000000
154.500000	13.500000	15.949818	0.000000
154.500000	16.500000	16.214689	0.000000
154.500000	19.500000	16.757418	0.000000
154.500000	22.500000	17.560138	0.000000
154.500000	25.500000	18.306479	0.000000
154.500000	28.500000	19.228618	0.000000
154.500000	31.500000	20.224160	0.000000
154.500000	34.500000	21.083306	0.000000
154.500000	37.500000	21.368597	0.000000
154.500000	40.500000	21.328093	0.000000
154.500000	43.500000	21.581472	0.000000
154.500000	46.500000	21.693001	0.000000
154.500000	49.500000	21.477155	0.000000
154.500000	52.500000	20.757537	0.000000
154.500000	55.500000	20.287590	0.000000
154.500000	58.500000	19.908844	0.000000
154.500000	61.500000	19.586875	0.000000
154.500000	64.500000	19.493367	0.000000
154.500000	67.500000	19.498605	0.000000
154.500000	70.500000	20.144134	0.000000
154.500000	73.500000	20.873632	0.000000

157.500000	-73.500000	23.995238	0.000000
157.500000	-70.500000	23.310372	0.000000
157.500000	-67.500000	22.168184	0.000000
157.500000	-64.500000	21.446199	0.000000
157.500000	-61.500000	20.965334	0.000000
157.500000	-58.500000	20.298513	0.000000
157.500000	-55.500000	19.086053	0.000000
157.500000	-52.500000	17.725422	0.000000
157.500000	-49.500000	16.781233	0.000000
157.500000	-46.500000	15.765840	0.000000
157.500000	-43.500000	14.788414	0.000000
157.500000	-40.500000	14.093810	0.000000
157.500000	-37.500000	13.501347	0.000000
157.500000	-34.500000	13.200618	0.000000
157.500000	-31.500000	13.115545	0.000000
157.500000	-28.500000	13.369964	0.000000
157.500000	-25.500000	13.747849	0.000000
157.500000	-22.500000	14.093077	0.000000
157.500000	-19.500000	14.822243	0.000000
157.500000	-16.500000	15.689711	0.000000
157.500000	-13.500000	16.525930	0.000000
157.500000	-10.500000	17.306287	0.000000
157.500000	-7.500000	17.850336	0.000000
157.500000	-4.500000	18.068640	0.000000
157.500000	-1.500000	17.883883	0.000000
157.500000	1.500000	17.407520	0.000000
157.500000	4.500000	17.074046	0.000000
157.500000	7.500000	16.817266	0.000000
157.500000	10.500000	16.592898	0.000000
157.500000	13.500000	16.739940	0.000000
157.500000	16.500000	17.088038	0.000000
157.500000	19.500000	17.725487	0.000000
157.500000	22.500000	18.570559	0.000000
157.500000	25.500000	19.330924	0.000000
157.500000	28.500000	20.190310	0.000000
157.500000	31.500000	21.161430	0.000000
157.500000	34.500000	21.954221	0.000000
157.500000	37.500000	22.429601	0.000000
157.500000	40.500000	22.601873	0.000000
157.500000	43.500000	22.644529	0.000000
157.500000	46.500000	22.515759	0.000000
157.500000	49.500000	22.231748	0.000000
157.500000	52.500000	21.751070	0.000000
157.500000	55.500000	21.273990	0.000000
157.500000	58.500000	20.838661	0.000000
157.500000	61.500000	20.252207	0.000000
157.500000	64.500000	19.797202	0.000000
157.500000	67.500000	19.633576	0.000000
157.500000	70.500000	20.027923	0.000000
157.500000	73.500000	20.692155	0.000000

160.500000	-73.500000	24.772597	0.000000
160.500000	-70.500000	23.978015	0.000000
160.500000	-67.500000	22.767056	0.000000
160.500000	-64.500000	21.435352	0.000000
160.500000	-61.500000	20.756351	0.000000
160.500000	-58.500000	20.015240	0.000000
160.500000	-55.500000	18.655438	0.000000
160.500000	-52.500000	17.488655	0.000000
160.500000	-49.500000	16.679416	0.000000
160.500000	-46.500000	15.820590	0.000000
160.500000	-43.500000	15.094811	0.000000
160.500000	-40.500000	14.469271	0.000000
160.500000	-37.500000	14.021928	0.000000
160.500000	-34.500000	13.800821	0.000000
160.500000	-31.500000	13.739983	0.000000
160.500000	-28.500000	14.000042	0.000000
160.500000	-25.500000	14.290834	0.000000
160.500000	-22.500000	14.682739	0.000000
160.500000	-19.500000	15.475093	0.000000
160.500000	-16.500000	16.345641	0.000000
160.500000	-13.500000	17.201435	0.000000
160.500000	-10.500000	17.982888	0.000000
160.500000	-7.500000	18.479245	0.000000
160.500000	-4.500000	18.660879	0.000000
160.500000	-1.500000	18.521229	0.000000
160.500000	1.500000	18.120663	0.000000
160.500000	4.500000	17.878773	0.000000
160.500000	7.500000	17.700084	0.000000
160.500000	10.500000	17.716027	0.000000
160.500000	13.500000	18.016080	0.000000
160.500000	16.500000	18.327654	0.000000
160.500000	19.500000	18.892947	0.000000
160.500000	22.500000	19.708119	0.000000
160.500000	25.500000	20.411077	0.000000
160.500000	28.500000	21.204398	0.000000
160.500000	31.500000	22.069870	0.000000
160.500000	34.500000	22.711375	0.000000
160.500000	37.500000	23.121648	0.000000
160.500000	40.500000	23.533608	0.000000
160.500000	43.500000	23.582081	0.000000
160.500000	46.500000	23.429813	0.000000
160.500000	49.500000	23.193009	0.000000
160.500000	52.500000	22.982992	0.000000
160.500000	55.500000	22.559567	0.000000
160.500000	58.500000	22.073274	0.000000
160.500000	61.500000	21.451408	0.000000
160.500000	64.500000	20.816043	0.000000
160.500000	67.500000	20.412036	0.000000
160.500000	70.500000	20.472459	0.000000
160.500000	73.500000	21.146270	0.000000

163.500000	-73.500000	25.117386	0.000000
163.500000	-70.500000	24.285398	0.000000
163.500000	-67.500000	23.171731	0.000000
163.500000	-64.500000	21.600162	0.000000
163.500000	-61.500000	20.697284	0.000000
163.500000	-58.500000	19.956810	0.000000
163.500000	-55.500000	18.689798	0.000000
163.500000	-52.500000	17.710219	0.000000
163.500000	-49.500000	17.007038	0.000000
163.500000	-46.500000	16.303040	0.000000
163.500000	-43.500000	15.753538	0.000000
163.500000	-40.500000	15.229529	0.000000
163.500000	-37.500000	14.887348	0.000000
163.500000	-34.500000	14.738883	0.000000
163.500000	-31.500000	14.661791	0.000000
163.500000	-28.500000	14.816938	0.000000
163.500000	-25.500000	15.090448	0.000000
163.500000	-22.500000	15.530249	0.000000
163.500000	-19.500000	16.312048	0.000000
163.500000	-16.500000	17.040981	0.000000
163.500000	-13.500000	17.762373	0.000000
163.500000	-10.500000	18.624693	0.000000
163.500000	-7.500000	19.083547	0.000000
163.500000	-4.500000	19.195279	0.000000
163.500000	-1.500000	19.039025	0.000000
163.500000	1.500000	18.790802	0.000000
163.500000	4.500000	18.661826	0.000000
163.500000	7.500000	18.580260	0.000000
163.500000	10.500000	18.836667	0.000000
163.500000	13.500000	19.324785	0.000000
163.500000	16.500000	19.586811	0.000000
163.500000	19.500000	19.991187	0.000000
163.500000	22.500000	20.755308	0.000000
163.500000	25.500000	21.364905	0.000000
163.500000	28.500000	22.014472	0.000000
163.500000	31.500000	22.733813	0.000000
163.500000	34.500000	23.233331	0.000000
163.500000	37.500000	23.573752	0.000000
163.500000	40.500000	24.127373	0.000000
163.500000	43.500000	24.276567	0.000000
163.500000	46.500000	24.165907	0.000000
163.500000	49.500000	24.007787	0.000000
163.500000	52.500000	24.088531	0.000000
163.500000	55.500000	23.786170	0.000000
163.500000	58.500000	23.249320	0.000000
163.500000	61.500000	22.540103	0.000000
163.500000	64.500000	21.687949	0.000000
163.500000	67.500000	20.983574	0.000000
163.500000	70.500000	20.970148	0.000000
163.500000	73.500000	21.779802	0.000000

166.500000	-73.500000	24.912751	0.000000
166.500000	-70.500000	24.065740	0.000000
166.500000	-67.500000	22.967165	0.000000
166.500000	-64.500000	21.417005	0.000000
166.500000	-61.500000	20.504252	0.000000
166.500000	-58.500000	19.771883	0.000000
166.500000	-55.500000	18.748069	0.000000
166.500000	-52.500000	17.946632	0.000000
166.500000	-49.500000	17.343366	0.000000
166.500000	-46.500000	16.899251	0.000000
166.500000	-43.500000	16.534757	0.000000
166.500000	-40.500000	16.131842	0.000000
166.500000	-37.500000	15.956345	0.000000
166.500000	-34.500000	15.863280	0.000000
166.500000	-31.500000	15.822709	0.000000
166.500000	-28.500000	16.067633	0.000000
166.500000	-25.500000	16.343942	0.000000
166.500000	-22.500000	16.727600	0.000000
166.500000	-19.500000	17.354459	0.000000
166.500000	-16.500000	17.827533	0.000000
166.500000	-13.500000	18.306871	0.000000
166.500000	-10.500000	19.133449	0.000000
166.500000	-7.500000	19.655010	0.000000
166.500000	-4.500000	19.733999	0.000000
166.500000	-1.500000	19.595183	0.000000
166.500000	1.500000	19.596593	0.000000
166.500000	4.500000	19.699681	0.000000
166.500000	7.500000	19.713125	0.000000
166.500000	10.500000	20.102613	0.000000
166.500000	13.500000	20.796098	0.000000
166.500000	16.500000	20.891700	0.000000
166.500000	19.500000	20.952096	0.000000
166.500000	22.500000	21.568261	0.000000
166.500000	25.500000	22.036403	0.000000
166.500000	28.500000	22.529590	0.000000
166.500000	31.500000	23.106592	0.000000
166.500000	34.500000	23.495738	0.000000
166.500000	37.500000	23.773117	0.000000
166.500000	40.500000	24.273154	0.000000
166.500000	43.500000	24.500121	0.000000
166.500000	46.500000	24.458242	0.000000
166.500000	49.500000	24.397686	0.000000
166.500000	52.500000	24.802931	0.000000
166.500000	55.500000	24.798790	0.000000
166.500000	58.500000	24.215259	0.000000
166.500000	61.500000	23.354107	0.000000
166.500000	64.500000	22.026382	0.000000
166.500000	67.500000	21.132849	0.000000
166.500000	70.500000	21.088856	0.000000
166.500000	73.500000	21.936321	0.000000

169.500000	-73.500000	24.634085	0.000000
169.500000	-70.500000	23.814903	0.000000
169.500000	-67.500000	22.909581	0.000000
169.500000	-64.500000	21.717884	0.000000
169.500000	-61.500000	20.806550	0.000000
169.500000	-58.500000	19.900852	0.000000
169.500000	-55.500000	19.107151	0.000000
169.500000	-52.500000	18.624078	0.000000
169.500000	-49.500000	18.134672	0.000000
169.500000	-46.500000	17.923792	0.000000
169.500000	-43.500000	17.612090	0.000000
169.500000	-40.500000	17.232350	0.000000
169.500000	-37.500000	17.124300	0.000000
169.500000	-34.500000	17.057445	0.000000
169.500000	-31.500000	17.073203	0.000000
169.500000	-28.500000	17.374281	0.000000
169.500000	-25.500000	17.649288	0.000000
169.500000	-22.500000	18.044822	0.000000
169.500000	-19.500000	18.623704	0.000000
169.500000	-16.500000	19.084608	0.000000
169.500000	-13.500000	19.490700	0.000000
169.500000	-10.500000	20.037625	0.000000
169.500000	-7.500000	20.458130	0.000000
169.500000	-4.500000	20.575574	0.000000
169.500000	-1.500000	20.538258	0.000000
169.500000	1.500000	20.594958	0.000000
169.500000	4.500000	20.774691	0.000000
169.500000	7.500000	20.942972	0.000000
169.500000	10.500000	21.410596	0.000000
169.500000	13.500000	22.210183	0.000000
169.500000	16.500000	22.346215	0.000000
169.500000	19.500000	21.913561	0.000000
169.500000	22.500000	21.871748	0.000000
169.500000	25.500000	22.111586	0.000000
169.500000	28.500000	22.520057	0.000000
169.500000	31.500000	22.997923	0.000000
169.500000	34.500000	23.348902	0.000000
169.500000	37.500000	23.548972	0.000000
169.500000	40.500000	23.732026	0.000000
169.500000	43.500000	23.878119	0.000000
169.500000	46.500000	23.910963	0.000000
169.500000	49.500000	23.890238	0.000000
169.500000	52.500000	24.527072	0.000000
169.500000	55.500000	25.287737	0.000000
169.500000	58.500000	24.823584	0.000000
169.500000	61.500000	23.676415	0.000000
169.500000	64.500000	22.131198	0.000000
169.500000	67.500000	21.183434	0.000000
169.500000	70.500000	21.116311	0.000000
169.500000	73.500000	21.761634	0.000000

172.500000	-73.500000	25.036046	0.000000
172.500000	-70.500000	24.269743	0.000000
172.500000	-67.500000	23.473700	0.000000
172.500000	-64.500000	22.417720	0.000000
172.500000	-61.500000	21.407258	0.000000
172.500000	-58.500000	20.440624	0.000000
172.500000	-55.500000	19.852402	0.000000
172.500000	-52.500000	19.543441	0.000000
172.500000	-49.500000	19.134520	0.000000
172.500000	-46.500000	18.955234	0.000000
172.500000	-43.500000	18.692369	0.000000
172.500000	-40.500000	18.423367	0.000000
172.500000	-37.500000	18.451264	0.000000
172.500000	-34.500000	18.483037	0.000000
172.500000	-31.500000	18.476279	0.000000
172.500000	-28.500000	18.630585	0.000000
172.500000	-25.500000	18.898295	0.000000
172.500000	-22.500000	19.308104	0.000000
172.500000	-19.500000	19.933508	0.000000
172.500000	-16.500000	20.417830	0.000000
172.500000	-13.500000	20.752616	0.000000
172.500000	-10.500000	20.827184	0.000000
172.500000	-7.500000	20.885310	0.000000
172.500000	-4.500000	20.980092	0.000000
172.500000	-1.500000	21.016381	0.000000
172.500000	1.500000	21.105204	0.000000
172.500000	4.500000	21.305893	0.000000
172.500000	7.500000	21.457074	0.000000
172.500000	10.500000	21.920087	0.000000
172.500000	13.500000	22.780751	0.000000
172.500000	16.500000	22.904761	0.000000
172.500000	19.500000	22.418072	0.000000
172.500000	22.500000	21.801534	0.000000
172.500000	25.500000	21.743558	0.000000
172.500000	28.500000	21.832362	0.000000
172.500000	31.500000	22.330335	0.000000
172.500000	34.500000	22.617447	0.000000
172.500000	37.500000	22.603931	0.000000
172.500000	40.500000	22.503162	0.000000
172.500000	43.500000	22.640209	0.000000
172.500000	46.500000	22.695509	0.000000
172.500000	49.500000	22.720585	0.000000
172.500000	52.500000	23.340323	0.000000
172.500000	55.500000	24.452024	0.000000
172.500000	58.500000	24.126640	0.000000
172.500000	61.500000	23.137562	0.000000
172.500000	64.500000	22.189514	0.000000
172.500000	67.500000	21.227627	0.000000
172.500000	70.500000	21.188077	0.000000
172.500000	73.500000	21.746447	0.000000

175.500000	-73.500000	24.994382	0.000000
175.500000	-70.500000	24.294950	0.000000
175.500000	-67.500000	23.604565	0.000000
175.500000	-64.500000	22.826848	0.000000
175.500000	-61.500000	21.898662	0.000000
175.500000	-58.500000	21.104655	0.000000
175.500000	-55.500000	20.868266	0.000000
175.500000	-52.500000	20.576320	0.000000
175.500000	-49.500000	20.286390	0.000000
175.500000	-46.500000	20.316291	0.000000
175.500000	-43.500000	20.178242	0.000000
175.500000	-40.500000	20.025976	0.000000
175.500000	-37.500000	20.187071	0.000000
175.500000	-34.500000	20.273420	0.000000
175.500000	-31.500000	20.278491	0.000000
175.500000	-28.500000	20.173405	0.000000
175.500000	-25.500000	20.311929	0.000000
175.500000	-22.500000	20.594349	0.000000
175.500000	-19.500000	21.149419	0.000000
175.500000	-16.500000	21.550252	0.000000
175.500000	-13.500000	21.568457	0.000000
175.500000	-10.500000	20.904486	0.000000
175.500000	-7.500000	20.855545	0.000000
175.500000	-4.500000	20.957879	0.000000
175.500000	-1.500000	21.022252	0.000000
175.500000	1.500000	21.193995	0.000000
175.500000	4.500000	21.368675	0.000000
175.500000	7.500000	21.460012	0.000000
175.500000	10.500000	21.827797	0.000000
175.500000	13.500000	22.431781	0.000000
175.500000	16.500000	22.395216	0.000000
175.500000	19.500000	21.869927	0.000000
175.500000	22.500000	21.190150	0.000000
175.500000	25.500000	21.040019	0.000000
175.500000	28.500000	20.923660	0.000000
175.500000	31.500000	20.951837	0.000000
175.500000	34.500000	21.053449	0.000000
175.500000	37.500000	20.955089	0.000000
175.500000	40.500000	20.925983	0.000000
175.500000	43.500000	21.094968	0.000000
175.500000	46.500000	21.179642	0.000000
175.500000	49.500000	21.242156	0.000000
175.500000	52.500000	21.698769	0.000000
175.500000	55.500000	22.043812	0.000000
175.500000	58.500000	21.725179	0.000000
175.500000	61.500000	21.957437	0.000000
175.500000	64.500000	22.065877	0.000000
175.500000	67.500000	21.384064	0.000000
175.500000	70.500000	21.395392	0.000000
175.500000	73.500000	21.951364	0.000000

178.500000	-73.500000	24.466092	0.000000
178.500000	-70.500000	23.837804	0.000000
178.500000	-67.500000	23.561067	0.000000
178.500000	-64.500000	23.515856	0.000000
178.500000	-61.500000	22.759943	0.000000
178.500000	-58.500000	22.213165	0.000000
178.500000	-55.500000	22.338879	0.000000
178.500000	-52.500000	22.112253	0.000000
178.500000	-49.500000	21.841147	0.000000
178.500000	-46.500000	21.904190	0.000000
178.500000	-43.500000	21.776652	0.000000
178.500000	-40.500000	21.653262	0.000000
178.500000	-37.500000	21.778457	0.000000
178.500000	-34.500000	21.857265	0.000000
178.500000	-31.500000	21.849469	0.000000
178.500000	-28.500000	21.921284	0.000000
178.500000	-25.500000	22.096385	0.000000
178.500000	-22.500000	22.146159	0.000000
178.500000	-19.500000	21.981695	0.000000
178.500000	-16.500000	22.029590	0.000000
178.500000	-13.500000	21.455498	0.000000
178.500000	-10.500000	20.535022	0.000000
178.500000	-7.500000	20.456994	0.000000
178.500000	-4.500000	20.579910	0.000000
178.500000	-1.500000	20.652746	0.000000
178.500000	1.500000	20.815916	0.000000
178.500000	4.500000	20.932823	0.000000
178.500000	7.500000	20.935146	0.000000
178.500000	10.500000	21.131565	0.000000
178.500000	13.500000	21.445630	0.000000
178.500000	16.500000	21.205380	0.000000
178.500000	19.500000	20.731961	0.000000
178.500000	22.500000	20.198217	0.000000
178.500000	25.500000	20.018560	0.000000
178.500000	28.500000	19.861252	0.000000
178.500000	31.500000	19.613883	0.000000
178.500000	34.500000	19.525500	0.000000
178.500000	37.500000	19.448507	0.000000
178.500000	40.500000	19.322357	0.000000
178.500000	43.500000	19.403952	0.000000
178.500000	46.500000	19.526945	0.000000
178.500000	49.500000	19.629863	0.000000
178.500000	52.500000	19.959509	0.000000
178.500000	55.500000	20.195747	0.000000
178.500000	58.500000	20.076374	0.000000
178.500000	61.500000	20.492760	0.000000
178.500000	64.500000	21.095779	0.000000
178.500000	67.500000	21.099604	0.000000
178.500000	70.500000	21.244949	0.000000
178.500000	73.500000	21.868537	0.000000

181.500000	-73.500000	24.553608	0.000000
181.500000	-70.500000	24.049330	0.000000
181.500000	-67.500000	24.314486	0.000000
181.500000	-64.500000	24.592375	0.000000
181.500000	-61.500000	23.905955	0.000000
181.500000	-58.500000	23.446142	0.000000
181.500000	-55.500000	23.752008	0.000000
181.500000	-52.500000	23.637492	0.000000
181.500000	-49.500000	23.348820	0.000000
181.500000	-46.500000	23.282873	0.000000
181.500000	-43.500000	23.118165	0.000000
181.500000	-40.500000	22.961803	0.000000
181.500000	-37.500000	23.035126	0.000000
181.500000	-34.500000	23.077842	0.000000
181.500000	-31.500000	23.020787	0.000000
181.500000	-28.500000	22.986920	0.000000
181.500000	-25.500000	22.950725	0.000000
181.500000	-22.500000	22.817950	0.000000
181.500000	-19.500000	22.483953	0.000000
181.500000	-16.500000	21.794728	0.000000
181.500000	-13.500000	21.193234	0.000000
181.500000	-10.500000	20.126329	0.000000
181.500000	-7.500000	19.830296	0.000000
181.500000	-4.500000	19.906771	0.000000
181.500000	-1.500000	19.969083	0.000000
181.500000	1.500000	20.065897	0.000000
181.500000	4.500000	20.090459	0.000000
181.500000	7.500000	19.965659	0.000000
181.500000	10.500000	19.935333	0.000000
181.500000	13.500000	19.957329	0.000000
181.500000	16.500000	19.634924	0.000000
181.500000	19.500000	19.232718	0.000000
181.500000	22.500000	18.899521	0.000000
181.500000	25.500000	18.764513	0.000000
181.500000	28.500000	18.580199	0.000000
181.500000	31.500000	18.253927	0.000000
181.500000	34.500000	18.122966	0.000000
181.500000	37.500000	18.075290	0.000000
181.500000	40.500000	17.861443	0.000000
181.500000	43.500000	17.904495	0.000000
181.500000	46.500000	18.033325	0.000000
181.500000	49.500000	18.070866	0.000000
181.500000	52.500000	18.346154	0.000000
181.500000	55.500000	18.608900	0.000000
181.500000	58.500000	18.614996	0.000000
181.500000	61.500000	19.097021	0.000000
181.500000	64.500000	19.771942	0.000000
181.500000	67.500000	20.046497	0.000000
181.500000	70.500000	20.472203	0.000000
181.500000	73.500000	21.190910	0.000000

184.500000	-73.500000	24.770641	0.000000
184.500000	-70.500000	24.290471	0.000000
184.500000	-67.500000	24.623283	0.000000
184.500000	-64.500000	25.260302	0.000000
184.500000	-61.500000	24.933601	0.000000
184.500000	-58.500000	24.565219	0.000000
184.500000	-55.500000	24.987420	0.000000
184.500000	-52.500000	24.920721	0.000000
184.500000	-49.500000	24.527129	0.000000
184.500000	-46.500000	24.244658	0.000000
184.500000	-43.500000	24.020008	0.000000
184.500000	-40.500000	23.821097	0.000000
184.500000	-37.500000	23.719672	0.000000
184.500000	-34.500000	23.666239	0.000000
184.500000	-31.500000	23.537024	0.000000
184.500000	-28.500000	23.096552	0.000000
184.500000	-25.500000	22.619447	0.000000
184.500000	-22.500000	22.391974	0.000000
184.500000	-19.500000	22.013034	0.000000
184.500000	-16.500000	21.339693	0.000000
184.500000	-13.500000	20.964465	0.000000
184.500000	-10.500000	20.225306	0.000000
184.500000	-7.500000	19.281966	0.000000
184.500000	-4.500000	19.022328	0.000000
184.500000	-1.500000	18.875040	0.000000
184.500000	1.500000	18.903868	0.000000
184.500000	4.500000	18.865275	0.000000
184.500000	7.500000	18.572189	0.000000
184.500000	10.500000	18.354904	0.000000
184.500000	13.500000	18.251232	0.000000
184.500000	16.500000	17.926556	0.000000
184.500000	19.500000	17.581424	0.000000
184.500000	22.500000	17.420381	0.000000
184.500000	25.500000	17.328860	0.000000
184.500000	28.500000	17.133503	0.000000
184.500000	31.500000	16.774314	0.000000
184.500000	34.500000	16.689991	0.000000
184.500000	37.500000	16.643157	0.000000
184.500000	40.500000	16.411674	0.000000
184.500000	43.500000	16.468409	0.000000
184.500000	46.500000	16.618737	0.000000
184.500000	49.500000	16.625639	0.000000
184.500000	52.500000	16.899384	0.000000
184.500000	55.500000	17.208490	0.000000
184.500000	58.500000	17.446228	0.000000
184.500000	61.500000	18.048813	0.000000
184.500000	64.500000	18.754333	0.000000
184.500000	67.500000	19.509162	0.000000
184.500000	70.500000	20.331117	0.000000
184.500000	73.500000	21.112857	0.000000

187.500000	-73.500000	24.593362	0.000000
187.500000	-70.500000	24.143375	0.000000
187.500000	-67.500000	24.504224	0.000000
187.500000	-64.500000	25.376276	0.000000
187.500000	-61.500000	25.592851	0.000000
187.500000	-58.500000	25.435657	0.000000
187.500000	-55.500000	26.041641	0.000000
187.500000	-52.500000	25.899569	0.000000
187.500000	-49.500000	25.149870	0.000000
187.500000	-46.500000	24.580512	0.000000
187.500000	-43.500000	24.330137	0.000000
187.500000	-40.500000	23.923751	0.000000
187.500000	-37.500000	23.489419	0.000000
187.500000	-34.500000	23.283748	0.000000
187.500000	-31.500000	23.018579	0.000000
187.500000	-28.500000	22.238589	0.000000
187.500000	-25.500000	21.637172	0.000000
187.500000	-22.500000	21.369035	0.000000
187.500000	-19.500000	20.985011	0.000000
187.500000	-16.500000	20.328706	0.000000
187.500000	-13.500000	19.947196	0.000000
187.500000	-10.500000	19.499007	0.000000
187.500000	-7.500000	18.587896	0.000000
187.500000	-4.500000	18.033562	0.000000
187.500000	-1.500000	17.707290	0.000000
187.500000	1.500000	17.527032	0.000000
187.500000	4.500000	17.431547	0.000000
187.500000	7.500000	17.077985	0.000000
187.500000	10.500000	16.763214	0.000000
187.500000	13.500000	16.642104	0.000000
187.500000	16.500000	16.353312	0.000000
187.500000	19.500000	16.061168	0.000000
187.500000	22.500000	16.009887	0.000000
187.500000	25.500000	15.975024	0.000000
187.500000	28.500000	15.774072	0.000000
187.500000	31.500000	15.387792	0.000000
187.500000	34.500000	15.345156	0.000000
187.500000	37.500000	15.320681	0.000000
187.500000	40.500000	15.052182	0.000000
187.500000	43.500000	15.190039	0.000000
187.500000	46.500000	15.410674	0.000000
187.500000	49.500000	15.532472	0.000000
187.500000	52.500000	15.871235	0.000000
187.500000	55.500000	16.247241	0.000000
187.500000	58.500000	16.746735	0.000000
187.500000	61.500000	17.352811	0.000000
187.500000	64.500000	18.038092	0.000000
187.500000	67.500000	19.266732	0.000000
187.500000	70.500000	20.370904	0.000000
187.500000	73.500000	21.212133	0.000000

190.500000	-73.500000	24.217767	0.000000
190.500000	-70.500000	24.114123	0.000000
190.500000	-67.500000	24.721051	0.000000
190.500000	-64.500000	25.604278	0.000000
190.500000	-61.500000	26.014720	0.000000
190.500000	-58.500000	26.383656	0.000000
190.500000	-55.500000	26.940620	0.000000
190.500000	-52.500000	26.726718	0.000000
190.500000	-49.500000	25.352317	0.000000
190.500000	-46.500000	24.223360	0.000000
190.500000	-43.500000	23.856252	0.000000
190.500000	-40.500000	23.320107	0.000000
190.500000	-37.500000	22.538546	0.000000
190.500000	-34.500000	22.231921	0.000000
190.500000	-31.500000	21.926578	0.000000
190.500000	-28.500000	21.089442	0.000000
190.500000	-25.500000	20.457726	0.000000
190.500000	-22.500000	20.193863	0.000000
190.500000	-19.500000	19.797565	0.000000
190.500000	-16.500000	19.084452	0.000000
190.500000	-13.500000	18.683944	0.000000
190.500000	-10.500000	18.276552	0.000000
190.500000	-7.500000	17.567210	0.000000
190.500000	-4.500000	17.034874	0.000000
190.500000	-1.500000	16.665504	0.000000
190.500000	1.500000	16.378348	0.000000
190.500000	4.500000	16.203673	0.000000
190.500000	7.500000	15.876498	0.000000
190.500000	10.500000	15.533910	0.000000
190.500000	13.500000	15.404884	0.000000
190.500000	16.500000	15.160069	0.000000
190.500000	19.500000	14.891527	0.000000
190.500000	22.500000	14.837595	0.000000
190.500000	25.500000	14.785657	0.000000
190.500000	28.500000	14.609292	0.000000
190.500000	31.500000	14.244667	0.000000
190.500000	34.500000	14.224118	0.000000
190.500000	37.500000	14.240858	0.000000
190.500000	40.500000	14.055916	0.000000
190.500000	43.500000	14.228268	0.000000
190.500000	46.500000	14.474275	0.000000
190.500000	49.500000	14.630084	0.000000
190.500000	52.500000	15.023784	0.000000
190.500000	55.500000	15.433963	0.000000
190.500000	58.500000	15.979885	0.000000
190.500000	61.500000	16.578953	0.000000
190.500000	64.500000	17.244489	0.000000
190.500000	67.500000	18.611209	0.000000
190.500000	70.500000	19.903706	0.000000
190.500000	73.500000	20.753990	0.000000

193.500000	-73.500000	23.187634	0.000000
193.500000	-70.500000	24.266761	0.000000
193.500000	-67.500000	25.513714	0.000000
193.500000	-64.500000	26.148575	0.000000
193.500000	-61.500000	25.990114	0.000000
193.500000	-58.500000	25.975765	0.000000
193.500000	-55.500000	26.242791	0.000000
193.500000	-52.500000	26.229559	0.000000
193.500000	-49.500000	24.901373	0.000000
193.500000	-46.500000	23.600356	0.000000
193.500000	-43.500000	23.190676	0.000000
193.500000	-40.500000	22.833502	0.000000
193.500000	-37.500000	21.954559	0.000000
193.500000	-34.500000	21.232853	0.000000
193.500000	-31.500000	20.880753	0.000000
193.500000	-28.500000	20.082840	0.000000
193.500000	-25.500000	19.328984	0.000000
193.500000	-22.500000	19.001463	0.000000
193.500000	-19.500000	18.543058	0.000000
193.500000	-16.500000	17.781789	0.000000
193.500000	-13.500000	17.337769	0.000000
193.500000	-10.500000	16.904043	0.000000
193.500000	-7.500000	16.312830	0.000000
193.500000	-4.500000	15.874238	0.000000
193.500000	-1.500000	15.494686	0.000000
193.500000	1.500000	15.128699	0.000000
193.500000	4.500000	15.004073	0.000000
193.500000	7.500000	14.820712	0.000000
193.500000	10.500000	14.494064	0.000000
193.500000	13.500000	14.266602	0.000000
193.500000	16.500000	14.073629	0.000000
193.500000	19.500000	13.827769	0.000000
193.500000	22.500000	13.687921	0.000000
193.500000	25.500000	13.620100	0.000000
193.500000	28.500000	13.466505	0.000000
193.500000	31.500000	13.232591	0.000000
193.500000	34.500000	13.211942	0.000000
193.500000	37.500000	13.211911	0.000000
193.500000	40.500000	13.178449	0.000000
193.500000	43.500000	13.385739	0.000000
193.500000	46.500000	13.655378	0.000000
193.500000	49.500000	14.010981	0.000000
193.500000	52.500000	14.493562	0.000000
193.500000	55.500000	14.970566	0.000000
193.500000	58.500000	15.521062	0.000000
193.500000	61.500000	16.138953	0.000000
193.500000	64.500000	16.775660	0.000000
193.500000	67.500000	17.944629	0.000000
193.500000	70.500000	19.024029	0.000000
193.500000	73.500000	19.785672	0.000000

196.500000	-73.500000	22.621113	0.000000
196.500000	-70.500000	23.781614	0.000000
196.500000	-67.500000	24.605330	0.000000
196.500000	-64.500000	24.981543	0.000000
196.500000	-61.500000	24.878358	0.000000
196.500000	-58.500000	24.792951	0.000000
196.500000	-55.500000	25.010429	0.000000
196.500000	-52.500000	25.089326	0.000000
196.500000	-49.500000	24.238718	0.000000
196.500000	-46.500000	23.024626	0.000000
196.500000	-43.500000	22.642426	0.000000
196.500000	-40.500000	22.380928	0.000000
196.500000	-37.500000	21.706871	0.000000
196.500000	-34.500000	20.795781	0.000000
196.500000	-31.500000	20.331061	0.000000
196.500000	-28.500000	19.655552	0.000000
196.500000	-25.500000	18.614335	0.000000
196.500000	-22.500000	17.895283	0.000000
196.500000	-19.500000	17.131344	0.000000
196.500000	-16.500000	16.443097	0.000000
196.500000	-13.500000	16.036768	0.000000
196.500000	-10.500000	15.464125	0.000000
196.500000	-7.500000	15.038547	0.000000
196.500000	-4.500000	14.808650	0.000000
196.500000	-1.500000	14.525280	0.000000
196.500000	1.500000	14.360337	0.000000
196.500000	4.500000	14.420742	0.000000
196.500000	7.500000	14.431417	0.000000
196.500000	10.500000	14.097227	0.000000
196.500000	13.500000	13.753029	0.000000
196.500000	16.500000	13.617187	0.000000
196.500000	19.500000	13.337137	0.000000
196.500000	22.500000	13.109403	0.000000
196.500000	25.500000	12.975060	0.000000
196.500000	28.500000	12.722250	0.000000
196.500000	31.500000	12.548123	0.000000
196.500000	34.500000	12.434435	0.000000
196.500000	37.500000	12.353159	0.000000
196.500000	40.500000	12.612488	0.000000
196.500000	43.500000	12.956108	0.000000
196.500000	46.500000	13.310690	0.000000
196.500000	49.500000	13.849502	0.000000
196.500000	52.500000	14.417616	0.000000
196.500000	55.500000	14.957257	0.000000
196.500000	58.500000	15.589452	0.000000
196.500000	61.500000	16.181044	0.000000
196.500000	64.500000	16.710785	0.000000
196.500000	67.500000	17.647599	0.000000
196.500000	70.500000	18.618313	0.000000
196.500000	73.500000	19.337285	0.000000

199.500000	-73.500000	21.758730	0.000000
199.500000	-70.500000	22.602089	0.000000
199.500000	-67.500000	23.238747	0.000000
199.500000	-64.500000	23.602013	0.000000
199.500000	-61.500000	23.618810	0.000000
199.500000	-58.500000	23.577849	0.000000
199.500000	-55.500000	23.781941	0.000000
199.500000	-52.500000	23.858088	0.000000
199.500000	-49.500000	23.415674	0.000000
199.500000	-46.500000	22.463940	0.000000
199.500000	-43.500000	22.148749	0.000000
199.500000	-40.500000	21.902100	0.000000
199.500000	-37.500000	21.081422	0.000000
199.500000	-34.500000	19.982566	0.000000
199.500000	-31.500000	19.376961	0.000000
199.500000	-28.500000	18.693833	0.000000
199.500000	-25.500000	17.781248	0.000000
199.500000	-22.500000	16.853031	0.000000
199.500000	-19.500000	15.949282	0.000000
199.500000	-16.500000	15.322208	0.000000
199.500000	-13.500000	14.953316	0.000000
199.500000	-10.500000	14.344266	0.000000
199.500000	-7.500000	14.204988	0.000000
199.500000	-4.500000	14.302338	0.000000
199.500000	-1.500000	14.190338	0.000000
199.500000	1.500000	14.230995	0.000000
199.500000	4.500000	14.381400	0.000000
199.500000	7.500000	14.405132	0.000000
199.500000	10.500000	13.960823	0.000000
199.500000	13.500000	13.434139	0.000000
199.500000	16.500000	13.165232	0.000000
199.500000	19.500000	12.726583	0.000000
199.500000	22.500000	12.430430	0.000000
199.500000	25.500000	12.205427	0.000000
199.500000	28.500000	11.837681	0.000000
199.500000	31.500000	11.704048	0.000000
199.500000	34.500000	11.719204	0.000000
199.500000	37.500000	11.737084	0.000000
199.500000	40.500000	12.294676	0.000000
199.500000	43.500000	12.889565	0.000000
199.500000	46.500000	13.407418	0.000000
199.500000	49.500000	14.114210	0.000000
199.500000	52.500000	14.714491	0.000000
199.500000	55.500000	15.229058	0.000000
199.500000	58.500000	15.831814	0.000000
199.500000	61.500000	16.291379	0.000000
199.500000	64.500000	16.602921	0.000000
199.500000	67.500000	17.275011	0.000000
199.500000	70.500000	18.250478	0.000000
199.500000	73.500000	18.957107	0.000000

202.500000	-73.500000	21.199187	0.000000
202.500000	-70.500000	21.502286	0.000000
202.500000	-67.500000	22.006029	0.000000
202.500000	-64.500000	22.352040	0.000000
202.500000	-61.500000	22.426933	0.000000
202.500000	-58.500000	22.464243	0.000000
202.500000	-55.500000	22.642986	0.000000
202.500000	-52.500000	22.721102	0.000000
202.500000	-49.500000	22.484101	0.000000
202.500000	-46.500000	21.987907	0.000000
202.500000	-43.500000	21.792983	0.000000
202.500000	-40.500000	21.479182	0.000000
202.500000	-37.500000	20.493609	0.000000
202.500000	-34.500000	19.148846	0.000000
202.500000	-31.500000	18.392717	0.000000
202.500000	-28.500000	17.571367	0.000000
202.500000	-25.500000	16.612634	0.000000
202.500000	-22.500000	15.745086	0.000000
202.500000	-19.500000	14.926225	0.000000
202.500000	-16.500000	14.323027	0.000000
202.500000	-13.500000	14.024449	0.000000
202.500000	-10.500000	13.676398	0.000000
202.500000	-7.500000	13.900843	0.000000
202.500000	-4.500000	14.250742	0.000000
202.500000	-1.500000	14.421997	0.000000
202.500000	1.500000	14.838473	0.000000
202.500000	4.500000	14.966660	0.000000
202.500000	7.500000	14.545347	0.000000
202.500000	10.500000	13.746297	0.000000
202.500000	13.500000	13.098914	0.000000
202.500000	16.500000	12.610048	0.000000
202.500000	19.500000	11.967427	0.000000
202.500000	22.500000	11.581254	0.000000
202.500000	25.500000	11.389237	0.000000
202.500000	28.500000	11.036345	0.000000
202.500000	31.500000	11.010896	0.000000
202.500000	34.500000	11.263539	0.000000
202.500000	37.500000	11.704212	0.000000
202.500000	40.500000	12.528928	0.000000
202.500000	43.500000	13.247733	0.000000
202.500000	46.500000	13.954952	0.000000
202.500000	49.500000	14.718272	0.000000
202.500000	52.500000	15.307537	0.000000
202.500000	55.500000	15.788460	0.000000
202.500000	58.500000	16.443911	0.000000
202.500000	61.500000	16.937665	0.000000
202.500000	64.500000	17.196083	0.000000
202.500000	67.500000	17.476539	0.000000
202.500000	70.500000	18.106329	0.000000
202.500000	73.500000	18.785389	0.000000

205.500000	-73.500000	21.528136	0.000000
205.500000	-70.500000	21.296596	0.000000
205.500000	-67.500000	21.401131	0.000000
205.500000	-64.500000	21.588222	0.000000
205.500000	-61.500000	21.617825	0.000000
205.500000	-58.500000	21.683582	0.000000
205.500000	-55.500000	21.897567	0.000000
205.500000	-52.500000	22.047331	0.000000
205.500000	-49.500000	21.886766	0.000000
205.500000	-46.500000	21.651063	0.000000
205.500000	-43.500000	21.473629	0.000000
205.500000	-40.500000	21.061689	0.000000
205.500000	-37.500000	20.232544	0.000000
205.500000	-34.500000	18.883700	0.000000
205.500000	-31.500000	17.766190	0.000000
205.500000	-28.500000	16.716422	0.000000
205.500000	-25.500000	15.689858	0.000000
205.500000	-22.500000	14.927284	0.000000
205.500000	-19.500000	14.267021	0.000000
205.500000	-16.500000	13.850213	0.000000
205.500000	-13.500000	13.710136	0.000000
205.500000	-10.500000	13.735941	0.000000
205.500000	-7.500000	14.108106	0.000000
205.500000	-4.500000	14.392545	0.000000
205.500000	-1.500000	14.569742	0.000000
205.500000	1.500000	14.972683	0.000000
205.500000	4.500000	14.861319	0.000000
205.500000	7.500000	14.217809	0.000000
205.500000	10.500000	13.408855	0.000000
205.500000	13.500000	12.831459	0.000000
205.500000	16.500000	12.361413	0.000000
205.500000	19.500000	11.680021	0.000000
205.500000	22.500000	11.224650	0.000000
205.500000	25.500000	10.997786	0.000000
205.500000	28.500000	10.769416	0.000000
205.500000	31.500000	10.903847	0.000000
205.500000	34.500000	11.292281	0.000000
205.500000	37.500000	11.991840	0.000000
205.500000	40.500000	12.908373	0.000000
205.500000	43.500000	13.651112	0.000000
205.500000	46.500000	14.463554	0.000000
205.500000	49.500000	15.331589	0.000000
205.500000	52.500000	15.941099	0.000000
205.500000	55.500000	16.406721	0.000000
205.500000	58.500000	17.121127	0.000000
205.500000	61.500000	17.724169	0.000000
205.500000	64.500000	17.905921	0.000000
205.500000	67.500000	17.682763	0.000000
205.500000	70.500000	17.946981	0.000000
205.500000	73.500000	18.592396	0.000000

208.500000	-73.500000	21.407639	0.000000
208.500000	-70.500000	20.934311	0.000000
208.500000	-67.500000	20.849379	0.000000
208.500000	-64.500000	20.965423	0.000000
208.500000	-61.500000	20.998710	0.000000
208.500000	-58.500000	21.135849	0.000000
208.500000	-55.500000	21.397106	0.000000
208.500000	-52.500000	21.597531	0.000000
208.500000	-49.500000	21.514094	0.000000
208.500000	-46.500000	21.321187	0.000000
208.500000	-43.500000	21.073845	0.000000
208.500000	-40.500000	20.578890	0.000000
208.500000	-37.500000	19.736911	0.000000
208.500000	-34.500000	18.532128	0.000000
208.500000	-31.500000	17.353250	0.000000
208.500000	-28.500000	16.266837	0.000000
208.500000	-25.500000	15.308782	0.000000
208.500000	-22.500000	14.670200	0.000000
208.500000	-19.500000	14.089415	0.000000
208.500000	-16.500000	13.752580	0.000000
208.500000	-13.500000	13.649948	0.000000
208.500000	-10.500000	13.745494	0.000000
208.500000	-7.500000	14.116911	0.000000
208.500000	-4.500000	14.289167	0.000000
208.500000	-1.500000	14.321706	0.000000
208.500000	1.500000	14.543790	0.000000
208.500000	4.500000	14.405553	0.000000
208.500000	7.500000	13.791085	0.000000
208.500000	10.500000	13.079251	0.000000
208.500000	13.500000	12.599140	0.000000
208.500000	16.500000	12.248625	0.000000
208.500000	19.500000	11.619385	0.000000
208.500000	22.500000	10.990984	0.000000
208.500000	25.500000	10.610566	0.000000
208.500000	28.500000	10.507254	0.000000
208.500000	31.500000	10.913701	0.000000
208.500000	34.500000	11.388755	0.000000
208.500000	37.500000	12.149985	0.000000
208.500000	40.500000	13.151554	0.000000
208.500000	43.500000	13.920343	0.000000
208.500000	46.500000	14.802441	0.000000
208.500000	49.500000	15.823828	0.000000
208.500000	52.500000	16.415779	0.000000
208.500000	55.500000	16.855737	0.000000
208.500000	58.500000	17.362890	0.000000
208.500000	61.500000	17.942332	0.000000
208.500000	64.500000	18.037504	0.000000
208.500000	67.500000	17.500073	0.000000
208.500000	70.500000	17.666142	0.000000
208.500000	73.500000	18.326814	0.000000

211.500000	-73.500000	20.748793	0.000000
211.500000	-70.500000	20.368628	0.000000
211.500000	-67.500000	20.603896	0.000000
211.500000	-64.500000	20.923093	0.000000
211.500000	-61.500000	20.992987	0.000000
211.500000	-58.500000	21.105506	0.000000
211.500000	-55.500000	21.346202	0.000000
211.500000	-52.500000	21.436109	0.000000
211.500000	-49.500000	21.315097	0.000000
211.500000	-46.500000	21.193226	0.000000
211.500000	-43.500000	20.871270	0.000000
211.500000	-40.500000	20.186310	0.000000
211.500000	-37.500000	19.202028	0.000000
211.500000	-34.500000	18.099480	0.000000
211.500000	-31.500000	17.040785	0.000000
211.500000	-28.500000	15.949850	0.000000
211.500000	-25.500000	15.084334	0.000000
211.500000	-22.500000	14.520084	0.000000
211.500000	-19.500000	13.997920	0.000000
211.500000	-16.500000	13.752264	0.000000
211.500000	-13.500000	13.642910	0.000000
211.500000	-10.500000	13.630854	0.000000
211.500000	-7.500000	13.920065	0.000000
211.500000	-4.500000	14.010454	0.000000
211.500000	-1.500000	13.907200	0.000000
211.500000	1.500000	13.977433	0.000000
211.500000	4.500000	13.775800	0.000000
211.500000	7.500000	13.270192	0.000000
211.500000	10.500000	12.660919	0.000000
211.500000	13.500000	12.333187	0.000000
211.500000	16.500000	12.090804	0.000000
211.500000	19.500000	11.589757	0.000000
211.500000	22.500000	10.885898	0.000000
211.500000	25.500000	10.559779	0.000000
211.500000	28.500000	10.572444	0.000000
211.500000	31.500000	11.081926	0.000000
211.500000	34.500000	11.506281	0.000000
211.500000	37.500000	12.335830	0.000000
211.500000	40.500000	13.506685	0.000000
211.500000	43.500000	14.243077	0.000000
211.500000	46.500000	15.006777	0.000000
211.500000	49.500000	15.854902	0.000000
211.500000	52.500000	16.471377	0.000000
211.500000	55.500000	16.857483	0.000000
211.500000	58.500000	17.079131	0.000000
211.500000	61.500000	17.557068	0.000000
211.500000	64.500000	17.705087	0.000000
211.500000	67.500000	17.190020	0.000000
211.500000	70.500000	17.347955	0.000000
211.500000	73.500000	17.996195	0.000000

214.500000	-73.500000	21.032442	0.000000
214.500000	-70.500000	20.568321	0.000000
214.500000	-67.500000	20.899163	0.000000
214.500000	-64.500000	21.391373	0.000000
214.500000	-61.500000	21.428119	0.000000
214.500000	-58.500000	21.436886	0.000000
214.500000	-55.500000	21.597136	0.000000
214.500000	-52.500000	21.561537	0.000000
214.500000	-49.500000	21.370631	0.000000
214.500000	-46.500000	21.385489	0.000000
214.500000	-43.500000	20.941716	0.000000
214.500000	-40.500000	19.969952	0.000000
214.500000	-37.500000	18.813822	0.000000
214.500000	-34.500000	17.857351	0.000000
214.500000	-31.500000	17.007338	0.000000
214.500000	-28.500000	15.950847	0.000000
214.500000	-25.500000	15.239334	0.000000
214.500000	-22.500000	14.798219	0.000000
214.500000	-19.500000	14.271401	0.000000
214.500000	-16.500000	13.967710	0.000000
214.500000	-13.500000	13.810694	0.000000
214.500000	-10.500000	13.737356	0.000000
214.500000	-7.500000	13.848754	0.000000
214.500000	-4.500000	13.746304	0.000000
214.500000	-1.500000	13.474244	0.000000
214.500000	1.500000	13.284789	0.000000
214.500000	4.500000	13.092389	0.000000
214.500000	7.500000	12.740910	0.000000
214.500000	10.500000	12.281345	0.000000
214.500000	13.500000	11.964628	0.000000
214.500000	16.500000	11.761150	0.000000
214.500000	19.500000	11.402307	0.000000
214.500000	22.500000	10.833858	0.000000
214.500000	25.500000	10.617777	0.000000
214.500000	28.500000	10.714995	0.000000
214.500000	31.500000	11.204850	0.000000
214.500000	34.500000	11.631041	0.000000
214.500000	37.500000	12.446004	0.000000
214.500000	40.500000	13.465487	0.000000
214.500000	43.500000	14.082542	0.000000
214.500000	46.500000	14.771869	0.000000
214.500000	49.500000	15.549433	0.000000
214.500000	52.500000	16.149413	0.000000
214.500000	55.500000	16.607805	0.000000
214.500000	58.500000	16.858144	0.000000
214.500000	61.500000	17.363573	0.000000
214.500000	64.500000	17.635844	0.000000
214.500000	67.500000	17.210224	0.000000
214.500000	70.500000	17.352424	0.000000
214.500000	73.500000	18.013309	0.000000

217.500000	-73.500000	22.374890	0.000000
217.500000	-70.500000	21.615846	0.000000
217.500000	-67.500000	21.472994	0.000000
217.500000	-64.500000	21.888086	0.000000
217.500000	-61.500000	21.933264	0.000000
217.500000	-58.500000	21.752476	0.000000
217.500000	-55.500000	21.865476	0.000000
217.500000	-52.500000	21.764206	0.000000
217.500000	-49.500000	21.486041	0.000000
217.500000	-46.500000	21.314281	0.000000
217.500000	-43.500000	20.686738	0.000000
217.500000	-40.500000	19.622432	0.000000
217.500000	-37.500000	18.456737	0.000000
217.500000	-34.500000	17.598824	0.000000
217.500000	-31.500000	16.943408	0.000000
217.500000	-28.500000	15.940014	0.000000
217.500000	-25.500000	15.307013	0.000000
217.500000	-22.500000	14.974261	0.000000
217.500000	-19.500000	14.428471	0.000000
217.500000	-16.500000	14.074427	0.000000
217.500000	-13.500000	13.885556	0.000000
217.500000	-10.500000	13.715866	0.000000
217.500000	-7.500000	13.380944	0.000000
217.500000	-4.500000	13.072305	0.000000
217.500000	-1.500000	12.767391	0.000000
217.500000	1.500000	12.499955	0.000000
217.500000	4.500000	12.305734	0.000000
217.500000	7.500000	12.037657	0.000000
217.500000	10.500000	11.662115	0.000000
217.500000	13.500000	11.345725	0.000000
217.500000	16.500000	11.177877	0.000000
217.500000	19.500000	10.946469	0.000000
217.500000	22.500000	10.522501	0.000000
217.500000	25.500000	10.400959	0.000000
217.500000	28.500000	10.537179	0.000000
217.500000	31.500000	11.037284	0.000000
217.500000	34.500000	11.485051	0.000000
217.500000	37.500000	12.134411	0.000000
217.500000	40.500000	12.869334	0.000000
217.500000	43.500000	13.443312	0.000000
217.500000	46.500000	14.097401	0.000000
217.500000	49.500000	14.876347	0.000000
217.500000	52.500000	15.481998	0.000000
217.500000	55.500000	15.957117	0.000000
217.500000	58.500000	16.260866	0.000000
217.500000	61.500000	16.807673	0.000000
217.500000	64.500000	17.262327	0.000000
217.500000	67.500000	17.133087	0.000000
217.500000	70.500000	17.347129	0.000000
217.500000	73.500000	18.023512	0.000000

220.500000	-73.500000	23.650195	0.000000
220.500000	-70.500000	22.766671	0.000000
220.500000	-67.500000	22.450039	0.000000
220.500000	-64.500000	22.772497	0.000000
220.500000	-61.500000	22.720124	0.000000
220.500000	-58.500000	22.109539	0.000000
220.500000	-55.500000	22.008837	0.000000
220.500000	-52.500000	21.924383	0.000000
220.500000	-49.500000	21.260098	0.000000
220.500000	-46.500000	20.565528	0.000000
220.500000	-43.500000	20.089649	0.000000
220.500000	-40.500000	19.100732	0.000000
220.500000	-37.500000	17.940678	0.000000
220.500000	-34.500000	17.120983	0.000000
220.500000	-31.500000	16.659847	0.000000
220.500000	-28.500000	15.743431	0.000000
220.500000	-25.500000	15.166159	0.000000
220.500000	-22.500000	14.882619	0.000000
220.500000	-19.500000	14.344046	0.000000
220.500000	-16.500000	13.984971	0.000000
220.500000	-13.500000	13.738211	0.000000
220.500000	-10.500000	13.297949	0.000000
220.500000	-7.500000	12.533643	0.000000
220.500000	-4.500000	12.155616	0.000000
220.500000	-1.500000	11.869189	0.000000
220.500000	1.500000	11.569388	0.000000
220.500000	4.500000	11.367753	0.000000
220.500000	7.500000	11.150003	0.000000
220.500000	10.500000	10.842504	0.000000
220.500000	13.500000	10.568533	0.000000
220.500000	16.500000	10.458088	0.000000
220.500000	19.500000	10.299770	0.000000
220.500000	22.500000	10.058798	0.000000
220.500000	25.500000	10.009453	0.000000
220.500000	28.500000	10.141908	0.000000
220.500000	31.500000	10.575811	0.000000
220.500000	34.500000	11.008396	0.000000
220.500000	37.500000	11.448155	0.000000
220.500000	40.500000	12.019225	0.000000
220.500000	43.500000	12.569277	0.000000
220.500000	46.500000	13.197546	0.000000
220.500000	49.500000	13.951875	0.000000
220.500000	52.500000	14.550889	0.000000
220.500000	55.500000	15.036366	0.000000
220.500000	58.500000	15.326844	0.000000
220.500000	61.500000	15.871876	0.000000
220.500000	64.500000	16.362006	0.000000
220.500000	67.500000	16.354700	0.000000
220.500000	70.500000	16.656901	0.000000
220.500000	73.500000	17.394226	0.000000

223.500000	-73.500000	24.422406	0.000000
223.500000	-70.500000	23.574151	0.000000
223.500000	-67.500000	23.334232	0.000000
223.500000	-64.500000	23.655504	0.000000
223.500000	-61.500000	23.313050	0.000000
223.500000	-58.500000	22.421086	0.000000
223.500000	-55.500000	22.023194	0.000000
223.500000	-52.500000	21.728186	0.000000
223.500000	-49.500000	20.676899	0.000000
223.500000	-46.500000	19.528868	0.000000
223.500000	-43.500000	18.971249	0.000000
223.500000	-40.500000	18.187667	0.000000
223.500000	-37.500000	17.096248	0.000000
223.500000	-34.500000	16.315106	0.000000
223.500000	-31.500000	15.878349	0.000000
223.500000	-28.500000	15.069138	0.000000
223.500000	-25.500000	14.561727	0.000000
223.500000	-22.500000	14.194338	0.000000
223.500000	-19.500000	13.642745	0.000000
223.500000	-16.500000	13.400041	0.000000
223.500000	-13.500000	13.036695	0.000000
223.500000	-10.500000	12.368084	0.000000
223.500000	-7.500000	11.431789	0.000000
223.500000	-4.500000	11.070915	0.000000
223.500000	-1.500000	10.802345	0.000000
223.500000	1.500000	10.489294	0.000000
223.500000	4.500000	10.307069	0.000000
223.500000	7.500000	10.153286	0.000000
223.500000	10.500000	9.892656	0.000000
223.500000	13.500000	9.725218	0.000000
223.500000	16.500000	9.661031	0.000000
223.500000	19.500000	9.530418	0.000000
223.500000	22.500000	9.359214	0.000000
223.500000	25.500000	9.358996	0.000000
223.500000	28.500000	9.486415	0.000000
223.500000	31.500000	9.894762	0.000000
223.500000	34.500000	10.280496	0.000000
223.500000	37.500000	10.552892	0.000000
223.500000	40.500000	11.023561	0.000000
223.500000	43.500000	11.571563	0.000000
223.500000	46.500000	12.159626	0.000000
223.500000	49.500000	12.862077	0.000000
223.500000	52.500000	13.469681	0.000000
223.500000	55.500000	13.949141	0.000000
223.500000	58.500000	14.274042	0.000000
223.500000	61.500000	14.834949	0.000000
223.500000	64.500000	15.354615	0.000000
223.500000	67.500000	15.626232	0.000000
223.500000	70.500000	16.280307	0.000000
223.500000	73.500000	17.049179	0.000000

226.500000	-73.500000	23.994674	0.000000
226.500000	-70.500000	23.245790	0.000000
226.500000	-67.500000	23.163448	0.000000
226.500000	-64.500000	23.732525	0.000000
226.500000	-61.500000	23.494066	0.000000
226.500000	-58.500000	22.489394	0.000000
226.500000	-55.500000	21.975524	0.000000
226.500000	-52.500000	21.416886	0.000000
226.500000	-49.500000	20.282521	0.000000
226.500000	-46.500000	19.060976	0.000000
226.500000	-43.500000	18.141938	0.000000
226.500000	-40.500000	17.289191	0.000000
226.500000	-37.500000	16.218511	0.000000
226.500000	-34.500000	15.466164	0.000000
226.500000	-31.500000	15.059709	0.000000
226.500000	-28.500000	14.234657	0.000000
226.500000	-25.500000	13.437235	0.000000
226.500000	-22.500000	12.827162	0.000000
226.500000	-19.500000	12.124825	0.000000
226.500000	-16.500000	11.863478	0.000000
226.500000	-13.500000	11.726121	0.000000
226.500000	-10.500000	11.037483	0.000000
226.500000	-7.500000	10.123377	0.000000
226.500000	-4.500000	9.812734	0.000000
226.500000	-1.500000	9.627927	0.000000
226.500000	1.500000	9.386482	0.000000
226.500000	4.500000	9.318338	0.000000
226.500000	7.500000	9.259788	0.000000
226.500000	10.500000	9.098519	0.000000
226.500000	13.500000	9.062584	0.000000
226.500000	16.500000	9.051891	0.000000
226.500000	19.500000	8.856152	0.000000
226.500000	22.500000	8.728659	0.000000
226.500000	25.500000	8.777787	0.000000
226.500000	28.500000	8.875201	0.000000
226.500000	31.500000	9.185030	0.000000
226.500000	34.500000	9.570202	0.000000
226.500000	37.500000	9.812941	0.000000
226.500000	40.500000	10.200838	0.000000
226.500000	43.500000	10.765951	0.000000
226.500000	46.500000	11.329056	0.000000
226.500000	49.500000	11.991135	0.000000
226.500000	52.500000	12.618240	0.000000
226.500000	55.500000	13.176559	0.000000
226.500000	58.500000	13.736261	0.000000
226.500000	61.500000	14.389710	0.000000
226.500000	64.500000	15.008433	0.000000
226.500000	67.500000	15.688451	0.000000
226.500000	70.500000	16.486864	0.000000
226.500000	73.500000	17.277545	0.000000

229.500000	-73.500000	23.166631	0.000000
229.500000	-70.500000	22.439500	0.000000
229.500000	-67.500000	22.393161	0.000000
229.500000	-64.500000	23.085366	0.000000
229.500000	-61.500000	23.283980	0.000000
229.500000	-58.500000	22.376336	0.000000
229.500000	-55.500000	21.726362	0.000000
229.500000	-52.500000	20.936565	0.000000
229.500000	-49.500000	19.779331	0.000000
229.500000	-46.500000	18.543255	0.000000
229.500000	-43.500000	17.513649	0.000000
229.500000	-40.500000	16.534980	0.000000
229.500000	-37.500000	15.444564	0.000000
229.500000	-34.500000	14.703260	0.000000
229.500000	-31.500000	14.237120	0.000000
229.500000	-28.500000	13.296650	0.000000
229.500000	-25.500000	12.327488	0.000000
229.500000	-22.500000	11.556555	0.000000
229.500000	-19.500000	10.811554	0.000000
229.500000	-16.500000	10.427395	0.000000
229.500000	-13.500000	10.203189	0.000000
229.500000	-10.500000	9.606018	0.000000
229.500000	-7.500000	8.803100	0.000000
229.500000	-4.500000	8.557563	0.000000
229.500000	-1.500000	8.426054	0.000000
229.500000	1.500000	8.216375	0.000000
229.500000	4.500000	8.251093	0.000000
229.500000	7.500000	8.279912	0.000000
229.500000	10.500000	8.102871	0.000000
229.500000	13.500000	8.077589	0.000000
229.500000	16.500000	8.098107	0.000000
229.500000	19.500000	8.026392	0.000000
229.500000	22.500000	8.032687	0.000000
229.500000	25.500000	8.126462	0.000000
229.500000	28.500000	8.164561	0.000000
229.500000	31.500000	8.339325	0.000000
229.500000	34.500000	8.666086	0.000000
229.500000	37.500000	8.864941	0.000000
229.500000	40.500000	9.226790	0.000000
229.500000	43.500000	9.785382	0.000000
229.500000	46.500000	10.347825	0.000000
229.500000	49.500000	10.975818	0.000000
229.500000	52.500000	11.643601	0.000000
229.500000	55.500000	12.242469	0.000000
229.500000	58.500000	12.853603	0.000000
229.500000	61.500000	13.530848	0.000000
229.500000	64.500000	14.231643	0.000000
229.500000	67.500000	15.181283	0.000000
229.500000	70.500000	16.065270	0.000000
229.500000	73.500000	16.838270	0.000000

232.500000	-73.500000	22.493923	0.000000
232.500000	-70.500000	21.783185	0.000000
232.500000	-67.500000	21.585787	0.000000
232.500000	-64.500000	22.282183	0.000000
232.500000	-61.500000	22.717283	0.000000
232.500000	-58.500000	21.976402	0.000000
232.500000	-55.500000	21.137686	0.000000
232.500000	-52.500000	20.203401	0.000000
232.500000	-49.500000	19.040744	0.000000
232.500000	-46.500000	17.818192	0.000000
232.500000	-43.500000	16.690956	0.000000
232.500000	-40.500000	15.614045	0.000000
232.500000	-37.500000	14.474232	0.000000
232.500000	-34.500000	13.639397	0.000000
232.500000	-31.500000	12.910209	0.000000
232.500000	-28.500000	11.853712	0.000000
232.500000	-25.500000	10.871144	0.000000
232.500000	-22.500000	10.106266	0.000000
232.500000	-19.500000	9.335658	0.000000
232.500000	-16.500000	8.867637	0.000000
232.500000	-13.500000	8.536210	0.000000
232.500000	-10.500000	8.029192	0.000000
232.500000	-7.500000	7.431091	0.000000
232.500000	-4.500000	7.252572	0.000000
232.500000	-1.500000	7.149417	0.000001
232.500000	1.500000	6.898076	0.000001
232.500000	4.500000	6.968822	0.000001
232.500000	7.500000	7.044086	0.000001
232.500000	10.500000	6.879919	0.000001
232.500000	13.500000	6.883721	0.000001
232.500000	16.500000	6.959658	0.000001
232.500000	19.500000	7.004324	0.000001
232.500000	22.500000	7.164544	0.000001
232.500000	25.500000	7.316013	0.000000
232.500000	28.500000	7.267546	0.000000
232.500000	31.500000	7.344767	0.000000
232.500000	34.500000	7.638358	0.000000
232.500000	37.500000	7.784929	0.000000
232.500000	40.500000	8.115782	0.000000
232.500000	43.500000	8.665975	0.000000
232.500000	46.500000	9.129810	0.000000
232.500000	49.500000	9.695960	0.000000
232.500000	52.500000	10.364429	0.000000
232.500000	55.500000	10.971494	0.000000
232.500000	58.500000	11.560957	0.000000
232.500000	61.500000	12.260168	0.000000
232.500000	64.500000	12.993818	0.000000
232.500000	67.500000	14.002630	0.000000
232.500000	70.500000	14.878317	0.000000
232.500000	73.500000	15.652991	0.000000

235.500000	-73.500000	22.168284	0.000000
235.500000	-70.500000	21.472893	0.000000
235.500000	-67.500000	21.047841	0.000000
235.500000	-64.500000	21.568626	0.000000
235.500000	-61.500000	22.099610	0.000000
235.500000	-58.500000	21.299585	0.000000
235.500000	-55.500000	20.087511	0.000000
235.500000	-52.500000	19.109732	0.000000
235.500000	-49.500000	17.959930	0.000000
235.500000	-46.500000	16.709165	0.000000
235.500000	-43.500000	15.474373	0.000000
235.500000	-40.500000	14.335201	0.000000
235.500000	-37.500000	13.164148	0.000000
235.500000	-34.500000	12.156404	0.000000
235.500000	-31.500000	11.179854	0.000000
235.500000	-28.500000	10.087690	0.000000
235.500000	-25.500000	9.122979	0.000000
235.500000	-22.500000	8.441459	0.000000
235.500000	-19.500000	7.702518	0.000000
235.500000	-16.500000	7.125288	0.000001
235.500000	-13.500000	6.737308	0.000001
235.500000	-10.500000	6.324790	0.000002
235.500000	-7.500000	5.951860	0.000004
235.500000	-4.500000	5.876980	0.000005
235.500000	-1.500000	5.783467	0.000006
235.500000	1.500000	5.601799	0.000008
235.500000	4.500000	5.695426	0.000006
235.500000	7.500000	5.755917	0.000006
235.500000	10.500000	5.618658	0.000007
235.500000	13.500000	5.656693	0.000007
235.500000	16.500000	5.755405	0.000006
235.500000	19.500000	5.860291	0.000005
235.500000	22.500000	6.118728	0.000003
235.500000	25.500000	6.316128	0.000002
235.500000	28.500000	6.245953	0.000003
235.500000	31.500000	6.330071	0.000002
235.500000	34.500000	6.646474	0.000001
235.500000	37.500000	6.805438	0.000001
235.500000	40.500000	7.111093	0.000001
235.500000	43.500000	7.632733	0.000000
235.500000	46.500000	8.060529	0.000000
235.500000	49.500000	8.614712	0.000000
235.500000	52.500000	9.283196	0.000000
235.500000	55.500000	9.902314	0.000000
235.500000	58.500000	10.572957	0.000000
235.500000	61.500000	11.296391	0.000000
235.500000	64.500000	12.185441	0.000000
235.500000	67.500000	13.427236	0.000000
235.500000	70.500000	14.314759	0.000000
235.500000	73.500000	15.088334	0.000000

238.500000	-73.500000	21.867315	0.000000
238.500000	-70.500000	21.192422	0.000000
238.500000	-67.500000	20.733050	0.000000
238.500000	-64.500000	21.173201	0.000000
238.500000	-61.500000	21.205117	0.000000
238.500000	-58.500000	20.218873	0.000000
238.500000	-55.500000	18.935450	0.000000
238.500000	-52.500000	17.709652	0.000000
238.500000	-49.500000	16.464859	0.000000
238.500000	-46.500000	15.052562	0.000000
238.500000	-43.500000	13.570385	0.000000
238.500000	-40.500000	12.281611	0.000000
238.500000	-37.500000	11.092816	0.000000
238.500000	-34.500000	10.119028	0.000000
238.500000	-31.500000	9.194643	0.000000
238.500000	-28.500000	8.128968	0.000000
238.500000	-25.500000	7.152870	0.000001
238.500000	-22.500000	6.572426	0.000001
238.500000	-19.500000	5.976617	0.000004
238.500000	-16.500000	5.478062	0.000009
238.500000	-13.500000	5.151537	0.000016
238.500000	-10.500000	4.840359	0.000027
238.500000	-7.500000	4.720399	0.000033
238.500000	-4.500000	4.683666	0.000035
238.500000	-1.500000	4.609457	0.000040
238.500000	1.500000	4.585056	0.000042
238.500000	4.500000	4.637243	0.000038
238.500000	7.500000	4.614232	0.000040
238.500000	10.500000	4.505670	0.000048
238.500000	13.500000	4.566012	0.000043
238.500000	16.500000	4.667134	0.000036
238.500000	19.500000	4.751368	0.000032
238.500000	22.500000	4.970414	0.000022
238.500000	25.500000	5.190021	0.000015
238.500000	28.500000	5.184023	0.000015
238.500000	31.500000	5.370430	0.000011
238.500000	34.500000	5.767880	0.000006
238.500000	37.500000	5.984393	0.000004
238.500000	40.500000	6.300058	0.000002
238.500000	43.500000	6.813555	0.000001
238.500000	46.500000	7.252599	0.000000
238.500000	49.500000	7.818441	0.000000
238.500000	52.500000	8.490284	0.000000
238.500000	55.500000	9.146530	0.000000
238.500000	58.500000	9.888848	0.000000
238.500000	61.500000	10.625984	0.000000
238.500000	64.500000	11.622010	0.000000
238.500000	67.500000	13.151692	0.000000
238.500000	70.500000	14.120042	0.000000
238.500000	73.500000	14.886174	0.000000

241.500000	-73.500000	21.440766	0.000000
241.500000	-70.500000	20.696073	0.000000
241.500000	-67.500000	20.071214	0.000000
241.500000	-64.500000	20.161476	0.000000
241.500000	-61.500000	19.728350	0.000000
241.500000	-58.500000	18.639052	0.000000
241.500000	-55.500000	17.331839	0.000000
241.500000	-52.500000	16.035316	0.000000
241.500000	-49.500000	14.724877	0.000000
241.500000	-46.500000	13.222703	0.000000
241.500000	-43.500000	11.668304	0.000000
241.500000	-40.500000	10.317861	0.000000
241.500000	-37.500000	9.143852	0.000000
241.500000	-34.500000	8.091424	0.000000
241.500000	-31.500000	7.253901	0.000000
241.500000	-28.500000	6.352483	0.000002
241.500000	-25.500000	5.467680	0.000009
241.500000	-22.500000	4.950411	0.000023
241.500000	-19.500000	4.487526	0.000049
241.500000	-16.500000	4.088533	0.000096
241.500000	-13.500000	3.898115	0.000132
241.500000	-10.500000	3.720520	0.000178
241.500000	-7.500000	3.697369	0.000185
241.500000	-4.500000	3.690023	0.000188
241.500000	-1.500000	3.626935	0.000209
241.500000	1.500000	3.614137	0.000213
241.500000	4.500000	3.645563	0.000202
241.500000	7.500000	3.586009	0.000224
241.500000	10.500000	3.471553	0.000271
241.500000	13.500000	3.529837	0.000246
241.500000	16.500000	3.603635	0.000217
241.500000	19.500000	3.642273	0.000203
241.500000	22.500000	3.853746	0.000143
241.500000	25.500000	4.072420	0.000099
241.500000	28.500000	4.129211	0.000090
241.500000	31.500000	4.377871	0.000059
241.500000	34.500000	4.825813	0.000028
241.500000	37.500000	5.152896	0.000016
241.500000	40.500000	5.540883	0.000008
241.500000	43.500000	6.043609	0.000004
241.500000	46.500000	6.473622	0.000002
241.500000	49.500000	7.018584	0.000001
241.500000	52.500000	7.669722	0.000000
241.500000	55.500000	8.344526	0.000000
241.500000	58.500000	9.142358	0.000000
241.500000	61.500000	9.887865	0.000000
241.500000	64.500000	10.845256	0.000000
241.500000	67.500000	12.400155	0.000000
241.500000	70.500000	13.348191	0.000000
241.500000	73.500000	14.086183	0.000000

244.500000	-73.500000	20.673744	0.000000
244.500000	-70.500000	19.737767	0.000000
244.500000	-67.500000	18.772693	0.000000
244.500000	-64.500000	18.356279	0.000000
244.500000	-61.500000	17.851385	0.000000
244.500000	-58.500000	16.710332	0.000000
244.500000	-55.500000	15.339190	0.000000
244.500000	-52.500000	14.074981	0.000000
244.500000	-49.500000	12.833339	0.000000
244.500000	-46.500000	11.333031	0.000000
244.500000	-43.500000	9.862698	0.000000
244.500000	-40.500000	8.696782	0.000000
244.500000	-37.500000	7.545213	0.000000
244.500000	-34.500000	6.373355	0.000002
244.500000	-31.500000	5.462366	0.000010
244.500000	-28.500000	4.675624	0.000036
244.500000	-25.500000	3.957936	0.000120
244.500000	-22.500000	3.525705	0.000248
244.500000	-19.500000	3.059411	0.000542
244.500000	-16.500000	2.656161	0.001068
244.500000	-13.500000	2.549105	0.001278
244.500000	-10.500000	2.455964	0.001495
244.500000	-7.500000	2.611221	0.001151
244.500000	-4.500000	2.762219	0.000893
244.500000	-1.500000	2.809990	0.000824
244.500000	1.500000	2.891160	0.000719
244.500000	4.500000	2.901560	0.000707
244.500000	7.500000	2.784704	0.000860
244.500000	10.500000	2.632430	0.001111
244.500000	13.500000	2.662827	0.001056
244.500000	16.500000	2.611286	0.001151
244.500000	19.500000	2.563644	0.001247
244.500000	22.500000	2.796379	0.000843
244.500000	25.500000	3.021115	0.000578
244.500000	28.500000	3.154327	0.000462
244.500000	31.500000	3.506539	0.000256
244.500000	34.500000	3.986351	0.000114
244.500000	37.500000	4.446625	0.000053
244.500000	40.500000	4.926537	0.000023
244.500000	43.500000	5.379014	0.000011
244.500000	46.500000	5.843243	0.000005
244.500000	49.500000	6.534308	0.000002
244.500000	52.500000	7.104007	0.000001
244.500000	55.500000	7.738545	0.000000
244.500000	58.500000	8.693148	0.000000
244.500000	61.500000	9.365103	0.000000
244.500000	64.500000	10.135219	0.000000
244.500000	67.500000	11.438095	0.000000
244.500000	70.500000	12.295518	0.000000
244.500000	73.500000	13.025851	0.000000

247.500000	-73.500000	20.379820	0.000000
247.500000	-70.500000	19.359337	0.000000
247.500000	-67.500000	18.261294	0.000000
247.500000	-64.500000	17.074422	0.000000
247.500000	-61.500000	15.921695	0.000000
247.500000	-58.500000	14.653658	0.000000
247.500000	-55.500000	13.233406	0.000000
247.500000	-52.500000	11.944747	0.000000
247.500000	-49.500000	10.822294	0.000000
247.500000	-46.500000	9.399261	0.000000
247.500000	-43.500000	8.019589	0.000000
247.500000	-40.500000	7.000457	0.000001
247.500000	-37.500000	5.927572	0.000004
247.500000	-34.500000	4.735730	0.000032
247.500000	-31.500000	3.853588	0.000143
247.500000	-28.500000	3.111819	0.000496
247.500000	-25.500000	2.486043	0.001421
247.500000	-22.500000	2.162301	0.002449
247.500000	-19.500000	1.749060	0.004905
247.500000	-16.500000	1.579083	0.006527
247.500000	-13.500000	1.654074	0.005754
247.500000	-10.500000	1.682357	0.005487
247.500000	-7.500000	1.923991	0.003655
247.500000	-4.500000	2.159511	0.002460
247.500000	-1.500000	2.304822	0.001927
247.500000	1.500000	2.478337	0.001440
247.500000	4.500000	2.438482	0.001539
247.500000	7.500000	2.209182	0.002263
247.500000	10.500000	2.016725	0.003128
247.500000	13.500000	2.021378	0.003103
247.500000	16.500000	1.851916	0.004126
247.500000	19.500000	1.758240	0.004830
247.500000	22.500000	1.958158	0.003451
247.500000	25.500000	2.102568	0.002707
247.500000	28.500000	2.338773	0.001820
247.500000	31.500000	2.835052	0.000790
247.500000	34.500000	3.352308	0.000331
247.500000	37.500000	3.906200	0.000131
247.500000	40.500000	4.455017	0.000052
247.500000	43.500000	4.921971	0.000024
247.500000	46.500000	5.432174	0.000010
247.500000	49.500000	6.175438	0.000003
247.500000	52.500000	6.701809	0.000001
247.500000	55.500000	7.318772	0.000000
247.500000	58.500000	8.392243	0.000000
247.500000	61.500000	9.082717	0.000000
247.500000	64.500000	9.791917	0.000000
247.500000	67.500000	11.015884	0.000000
247.500000	70.500000	11.904882	0.000000
247.500000	73.500000	12.659686	0.000000

250.500000	-73.500000	20.202373	0.000000
250.500000	-70.500000	19.086015	0.000000
250.500000	-67.500000	17.795026	0.000000
250.500000	-64.500000	16.199277	0.000000
250.500000	-61.500000	14.342787	0.000000
250.500000	-58.500000	12.964171	0.000000
250.500000	-55.500000	11.609801	0.000000
250.500000	-52.500000	10.171949	0.000000
250.500000	-49.500000	9.025822	0.000000
250.500000	-46.500000	7.808598	0.000000
250.500000	-43.500000	6.590124	0.000001
250.500000	-40.500000	5.586602	0.000008
250.500000	-37.500000	4.542866	0.000045
250.500000	-34.500000	3.444613	0.000284
250.500000	-31.500000	2.621787	0.001131
250.500000	-28.500000	1.926879	0.003638
250.500000	-25.500000	1.415014	0.008600
250.500000	-22.500000	1.132902	0.013819
250.500000	-19.500000	0.759298	0.025896
250.500000	-16.500000	0.709572	0.028153
250.500000	-13.500000	0.915283	0.019923
250.500000	-10.500000	1.104639	0.014491
250.500000	-7.500000	1.392846	0.008927
250.500000	-4.500000	1.610535	0.006191
250.500000	-1.500000	1.749062	0.004905
250.500000	1.500000	1.903654	0.003783
250.500000	4.500000	1.904975	0.003774
250.500000	7.500000	1.707489	0.005260
250.500000	10.500000	1.508085	0.007355
250.500000	13.500000	1.484745	0.007649
250.500000	16.500000	1.291757	0.010580
250.500000	19.500000	1.057096	0.015697
250.500000	22.500000	0.994547	0.017437
250.500000	25.500000	1.112305	0.014306
250.500000	28.500000	1.600313	0.006299
250.500000	31.500000	2.269558	0.002045
250.500000	34.500000	2.839519	0.000784
250.500000	37.500000	3.384179	0.000314
250.500000	40.500000	3.976840	0.000116
250.500000	43.500000	4.502800	0.000048
250.500000	46.500000	5.001196	0.000021
250.500000	49.500000	5.741517	0.000006
250.500000	52.500000	6.265765	0.000002
250.500000	55.500000	6.887515	0.000001
250.500000	58.500000	8.020480	0.000000
250.500000	61.500000	8.722339	0.000000
250.500000	64.500000	9.378573	0.000000
250.500000	67.500000	10.603963	0.000000
250.500000	70.500000	11.721781	0.000000
250.500000	73.500000	12.621007	0.000000

253.500000	-73.500000	20.143939	0.000000
253.500000	-70.500000	18.686554	0.000000
253.500000	-67.500000	17.094903	0.000000
253.500000	-64.500000	15.329461	0.000000
253.500000	-61.500000	13.213701	0.000000
253.500000	-58.500000	11.481690	0.000000
253.500000	-55.500000	10.184719	0.000000
253.500000	-52.500000	8.742517	0.000000
253.500000	-49.500000	7.567940	0.000000
253.500000	-46.500000	6.424696	0.000002
253.500000	-43.500000	5.315264	0.000012
253.500000	-40.500000	4.442504	0.000053
253.500000	-37.500000	3.443394	0.000284
253.500000	-34.500000	2.363991	0.001745
253.500000	-31.500000	1.644479	0.005848
253.500000	-28.500000	1.038161	0.016205
253.500000	-25.500000	0.691337	0.029030
253.500000	-22.500000	0.405824	0.046912
253.500000	-19.500000	0.055069	0.084597
253.500000	-16.500000	0.174403	0.069220
253.500000	-13.500000	0.165698	0.070241
253.500000	-10.500000	0.386111	0.048493
253.500000	-7.500000	0.852331	0.022147
253.500000	-4.500000	1.022097	0.016648
253.500000	-1.500000	1.175463	0.012865
253.500000	1.500000	1.407121	0.008715
253.500000	4.500000	1.563756	0.006698
253.500000	7.500000	1.581173	0.006504
253.500000	10.500000	1.497997	0.007481
253.500000	13.500000	1.520888	0.007198
253.500000	16.500000	1.219978	0.011937
253.500000	19.500000	0.542686	0.037271
253.500000	22.500000	0.000000	0.092802
253.500000	25.500000	0.228785	0.063173
253.500000	28.500000	1.249586	0.011358
253.500000	31.500000	2.184578	0.002359
253.500000	34.500000	2.611559	0.001151
253.500000	37.500000	2.583377	0.001207
253.500000	40.500000	3.116958	0.000492
253.500000	43.500000	3.779203	0.000162
253.500000	46.500000	4.162893	0.000085
253.500000	49.500000	5.050381	0.000019
253.500000	52.500000	5.622272	0.000007
253.500000	55.500000	6.168474	0.000003
253.500000	58.500000	7.228988	0.000000
253.500000	61.500000	8.031699	0.000000
253.500000	64.500000	8.994192	0.000000
253.500000	67.500000	10.376087	0.000000
253.500000	70.500000	11.803823	0.000000
253.500000	73.500000	13.176156	0.000000

