181.5 1.5 20.0659
184.5 1.5 18.9039
187.5 1.5 17.527
190.5 1.5 16.3783
193.5 1.5 15.1287
196.5 1.5 14.3603
199.5 1.5 14.231
199.5 -1.5 14.1903
199.5 -4.5 14.3023
199.5 -7.5 14.205
202.5 -7.5 13.9008
202.5 -10.5 13.6764
205.5 -10.5 13.7359
205.5 -13.5 13.7101
208.5 -13.5 13.6499
211.5 -13.5 13.6429
211.5 -10.5 13.6309
214.5 -10.5 13.7374
217.5 -10.5 13.7159
220.5 -10.5 13.2979
223.5 -10.5 12.3681
226.5 -10.5 11.0375
229.5 -10.5 9.60602
232.5 -10.5 8.02919
235.5 -10.5 6.32479
238.5 -10.5 4.84036
241.5 -10.5 3.72052
244.5 -10.5 2.45596
247.5 -10.5 1.68236
250.5 -10.5 1.10464
253.5 -10.5 0.386111
