#X		Y		Free		Pro
151.500000	-73.500000	26.630597	0.000000
151.500000	-70.500000	26.223818	0.000000
151.500000	-67.500000	25.924694	0.000000
151.500000	-64.500000	25.676363	0.000000
151.500000	-61.500000	25.082271	0.000000
151.500000	-58.500000	24.290290	0.000000
151.500000	-55.500000	22.980100	0.000000
151.500000	-52.500000	21.364160	0.000000
151.500000	-49.500000	20.391297	0.000000
151.500000	-46.500000	19.233821	0.000000
151.500000	-43.500000	17.774281	0.000000
151.500000	-40.500000	16.905362	0.000000
151.500000	-37.500000	16.137837	0.000000
151.500000	-34.500000	15.293748	0.000000
151.500000	-31.500000	14.727861	0.000000
151.500000	-28.500000	14.193179	0.000000
151.500000	-25.500000	14.342249	0.000000
151.500000	-22.500000	14.661089	0.000000
151.500000	-19.500000	15.150611	0.000000
151.500000	-16.500000	15.729770	0.000000
151.500000	-13.500000	16.245121	0.000000
151.500000	-10.500000	16.518806	0.000000
151.500000	-7.500000	16.627635	0.000000
151.500000	-4.500000	16.589063	0.000000
151.500000	-1.500000	16.221490	0.000000
151.500000	1.500000	15.359878	0.000000
151.500000	4.500000	14.634743	0.000000
151.500000	7.500000	14.279707	0.000000
151.500000	10.500000	13.718615	0.000000
151.500000	13.500000	13.398668	0.000000
151.500000	16.500000	13.458084	0.000000
151.500000	19.500000	13.615187	0.000000
151.500000	22.500000	14.198417	0.000000
151.500000	25.500000	14.925212	0.000000
151.500000	28.500000	15.844722	0.000000
151.500000	31.500000	16.806376	0.000000
151.500000	34.500000	17.603240	0.000000
151.500000	37.500000	17.759455	0.000000
151.500000	40.500000	18.010001	0.000000
151.500000	43.500000	18.435594	0.000000
151.500000	46.500000	18.666732	0.000000
151.500000	49.500000	18.624595	0.000000
151.500000	52.500000	18.891105	0.000000
151.500000	55.500000	19.317710	0.000000
151.500000	58.500000	20.205533	0.000000
151.500000	61.500000	21.296445	0.000000
151.500000	64.500000	23.105885	0.000000
151.500000	67.500000	24.707315	0.000000
151.500000	70.500000	25.574651	0.000000
151.500000	73.500000	26.375857	0.000000

154.500000	-73.500000	27.546095	0.000000
154.500000	-70.500000	27.037522	0.000000
154.500000	-67.500000	26.287429	0.000000
154.500000	-64.500000	25.385989	0.000000
154.500000	-61.500000	24.690183	0.000000
154.500000	-58.500000	23.856468	0.000000
154.500000	-55.500000	22.590955	0.000000
154.500000	-52.500000	20.934828	0.000000
154.500000	-49.500000	19.783810	0.000000
154.500000	-46.500000	18.630293	0.000000
154.500000	-43.500000	17.419477	0.000000
154.500000	-40.500000	16.624386	0.000000
154.500000	-37.500000	15.849662	0.000000
154.500000	-34.500000	15.042775	0.000000
154.500000	-31.500000	14.603751	0.000000
154.500000	-28.500000	14.283352	0.000000
154.500000	-25.500000	14.548361	0.000000
154.500000	-22.500000	14.760826	0.000000
154.500000	-19.500000	15.126968	0.000000
154.500000	-16.500000	15.771331	0.000000
154.500000	-13.500000	16.390396	0.000000
154.500000	-10.500000	16.773790	0.000000
154.500000	-7.500000	16.768831	0.000000
154.500000	-4.500000	16.474028	0.000000
154.500000	-1.500000	15.956036	0.000000
154.500000	1.500000	15.235680	0.000000
154.500000	4.500000	14.492582	0.000000
154.500000	7.500000	14.028401	0.000000
154.500000	10.500000	13.574267	0.000000
154.500000	13.500000	13.407031	0.000000
154.500000	16.500000	13.540798	0.000000
154.500000	19.500000	13.902384	0.000000
154.500000	22.500000	14.586554	0.000000
154.500000	25.500000	15.333130	0.000000
154.500000	28.500000	16.261973	0.000000
154.500000	31.500000	17.241671	0.000000
154.500000	34.500000	18.100948	0.000000
154.500000	37.500000	18.504694	0.000000
154.500000	40.500000	18.830621	0.000000
154.500000	43.500000	19.137554	0.000000
154.500000	46.500000	19.262032	0.000000
154.500000	49.500000	19.311584	0.000000
154.500000	52.500000	19.565468	0.000000
154.500000	55.500000	19.913188	0.000000
154.500000	58.500000	20.895858	0.000000
154.500000	61.500000	22.090809	0.000000
154.500000	64.500000	23.334459	0.000000
154.500000	67.500000	24.411739	0.000000
154.500000	70.500000	25.198824	0.000000
154.500000	73.500000	25.980070	0.000000

157.500000	-73.500000	28.601413	0.000000
157.500000	-70.500000	27.834307	0.000000
157.500000	-67.500000	26.407118	0.000000
157.500000	-64.500000	24.974761	0.000000
157.500000	-61.500000	24.162421	0.000000
157.500000	-58.500000	23.291097	0.000000
157.500000	-55.500000	22.097611	0.000000
157.500000	-52.500000	20.565621	0.000000
157.500000	-49.500000	19.431287	0.000000
157.500000	-46.500000	18.380252	0.000000
157.500000	-43.500000	17.448155	0.000000
157.500000	-40.500000	16.748822	0.000000
157.500000	-37.500000	15.923858	0.000000
157.500000	-34.500000	15.096310	0.000000
157.500000	-31.500000	14.729144	0.000000
157.500000	-28.500000	14.530606	0.000000
157.500000	-25.500000	14.726727	0.000000
157.500000	-22.500000	14.885879	0.000000
157.500000	-19.500000	15.260317	0.000000
157.500000	-16.500000	15.895735	0.000000
157.500000	-13.500000	16.504256	0.000000
157.500000	-10.500000	16.848412	0.000000
157.500000	-7.500000	16.712042	0.000000
157.500000	-4.500000	16.338156	0.000000
157.500000	-1.500000	15.796992	0.000000
157.500000	1.500000	15.136682	0.000000
157.500000	4.500000	14.513736	0.000000
157.500000	7.500000	14.107532	0.000000
157.500000	10.500000	13.758861	0.000000
157.500000	13.500000	13.749458	0.000000
157.500000	16.500000	13.972728	0.000000
157.500000	19.500000	14.463276	0.000000
157.500000	22.500000	15.239296	0.000000
157.500000	25.500000	16.034695	0.000000
157.500000	28.500000	17.016001	0.000000
157.500000	31.500000	18.000061	0.000000
157.500000	34.500000	18.870400	0.000000
157.500000	37.500000	19.653228	0.000000
157.500000	40.500000	20.077519	0.000000
157.500000	43.500000	20.226639	0.000000
157.500000	46.500000	20.298827	0.000000
157.500000	49.500000	20.650199	0.000000
157.500000	52.500000	20.993881	0.000000
157.500000	55.500000	21.251591	0.000000
157.500000	58.500000	21.896901	0.000000
157.500000	61.500000	23.123864	0.000000
157.500000	64.500000	23.541974	0.000000
157.500000	67.500000	23.939418	0.000000
157.500000	70.500000	24.701636	0.000000
157.500000	73.500000	25.472579	0.000000

160.500000	-73.500000	29.787806	0.000000
160.500000	-70.500000	28.616073	0.000000
160.500000	-67.500000	27.034489	0.000000
160.500000	-64.500000	25.062582	0.000000
160.500000	-61.500000	23.800400	0.000000
160.500000	-58.500000	22.872550	0.000000
160.500000	-55.500000	21.606959	0.000000
160.500000	-52.500000	20.196107	0.000000
160.500000	-49.500000	19.215249	0.000000
160.500000	-46.500000	18.355706	0.000000
160.500000	-43.500000	17.943230	0.000000
160.500000	-40.500000	17.164686	0.000000
160.500000	-37.500000	16.141193	0.000000
160.500000	-34.500000	15.501787	0.000000
160.500000	-31.500000	14.941903	0.000000
160.500000	-28.500000	14.695851	0.000000
160.500000	-25.500000	14.879352	0.000000
160.500000	-22.500000	15.055468	0.000000
160.500000	-19.500000	15.406347	0.000000
160.500000	-16.500000	15.988880	0.000000
160.500000	-13.500000	16.518771	0.000000
160.500000	-10.500000	16.878164	0.000000
160.500000	-7.500000	16.825510	0.000000
160.500000	-4.500000	16.535564	0.000000
160.500000	-1.500000	16.062473	0.000000
160.500000	1.500000	15.454733	0.000000
160.500000	4.500000	14.965833	0.000000
160.500000	7.500000	14.645083	0.000000
160.500000	10.500000	14.443436	0.000000
160.500000	13.500000	14.590956	0.000000
160.500000	16.500000	14.875344	0.000000
160.500000	19.500000	15.421536	0.000000
160.500000	22.500000	16.212084	0.000000
160.500000	25.500000	16.997073	0.000000
160.500000	28.500000	17.943480	0.000000
160.500000	31.500000	18.886570	0.000000
160.500000	34.500000	19.665580	0.000000
160.500000	37.500000	20.541233	0.000000
160.500000	40.500000	21.167645	0.000000
160.500000	43.500000	21.341345	0.000000
160.500000	46.500000	21.482967	0.000000
160.500000	49.500000	22.050780	0.000000
160.500000	52.500000	22.592795	0.000000
160.500000	55.500000	22.895310	0.000000
160.500000	58.500000	23.443988	0.000000
160.500000	61.500000	24.286984	0.000000
160.500000	64.500000	24.051332	0.000000
160.500000	67.500000	23.644903	0.000000
160.500000	70.500000	24.209349	0.000000
160.500000	73.500000	25.036228	0.000000

163.500000	-73.500000	29.806356	0.000000
163.500000	-70.500000	28.655122	0.000000
163.500000	-67.500000	27.260094	0.000000
163.500000	-64.500000	25.395238	0.000000
163.500000	-61.500000	23.831316	0.000000
163.500000	-58.500000	22.862319	0.000000
163.500000	-55.500000	21.562253	0.000000
163.500000	-52.500000	20.242596	0.000000
163.500000	-49.500000	19.344297	0.000000
163.500000	-46.500000	18.535147	0.000000
163.500000	-43.500000	17.954110	0.000000
163.500000	-40.500000	16.999636	0.000000
163.500000	-37.500000	16.036586	0.000000
163.500000	-34.500000	15.601160	0.000000
163.500000	-31.500000	15.145504	0.000000
163.500000	-28.500000	15.147314	0.000000
163.500000	-25.500000	15.482128	0.000000
163.500000	-22.500000	15.627100	0.000000
163.500000	-19.500000	15.908367	0.000000
163.500000	-16.500000	16.441689	0.000000
163.500000	-13.500000	16.910892	0.000000
163.500000	-10.500000	17.137273	0.000000
163.500000	-7.500000	17.038309	0.000000
163.500000	-4.500000	16.768934	0.000000
163.500000	-1.500000	16.358579	0.000000
163.500000	1.500000	15.862747	0.000000
163.500000	4.500000	15.510757	0.000000
163.500000	7.500000	15.274265	0.000000
163.500000	10.500000	15.272465	0.000000
163.500000	13.500000	15.595073	0.000000
163.500000	16.500000	15.916833	0.000000
163.500000	19.500000	16.454491	0.000000
163.500000	22.500000	17.241499	0.000000
163.500000	25.500000	17.930480	0.000000
163.500000	28.500000	18.794558	0.000000
163.500000	31.500000	19.630832	0.000000
163.500000	34.500000	20.305623	0.000000
163.500000	37.500000	21.188384	0.000000
163.500000	40.500000	21.967965	0.000000
163.500000	43.500000	22.242041	0.000000
163.500000	46.500000	22.477258	0.000000
163.500000	49.500000	23.183358	0.000000
163.500000	52.500000	23.966021	0.000000
163.500000	55.500000	24.375314	0.000000
163.500000	58.500000	24.774713	0.000000
163.500000	61.500000	25.013428	0.000000
163.500000	64.500000	24.443190	0.000000
163.500000	67.500000	23.742791	0.000000
163.500000	70.500000	24.106805	0.000000
163.500000	73.500000	25.014167	0.000000

166.500000	-73.500000	29.267054	0.000000
166.500000	-70.500000	28.092350	0.000000
166.500000	-67.500000	26.835383	0.000000
166.500000	-64.500000	25.151121	0.000000
166.500000	-61.500000	23.575212	0.000000
166.500000	-58.500000	22.554683	0.000000
166.500000	-55.500000	21.372356	0.000000
166.500000	-52.500000	20.307211	0.000000
166.500000	-49.500000	19.517994	0.000000
166.500000	-46.500000	18.681755	0.000000
166.500000	-43.500000	17.958720	0.000000
166.500000	-40.500000	17.164745	0.000000
166.500000	-37.500000	16.431366	0.000000
166.500000	-34.500000	16.161340	0.000000
166.500000	-31.500000	15.880388	0.000000
166.500000	-28.500000	16.149382	0.000000
166.500000	-25.500000	16.558517	0.000000
166.500000	-22.500000	16.621478	0.000000
166.500000	-19.500000	16.580210	0.000000
166.500000	-16.500000	16.844716	0.000000
166.500000	-13.500000	17.035729	0.000000
166.500000	-10.500000	17.160037	0.000000
166.500000	-7.500000	17.150500	0.000000
166.500000	-4.500000	16.891883	0.000000
166.500000	-1.500000	16.520186	0.000000
166.500000	1.500000	16.165050	0.000000
166.500000	4.500000	16.076371	0.000000
166.500000	7.500000	15.980132	0.000000
166.500000	10.500000	16.187339	0.000000
166.500000	13.500000	16.672312	0.000000
166.500000	16.500000	16.954451	0.000000
166.500000	19.500000	17.344055	0.000000
166.500000	22.500000	17.936411	0.000000
166.500000	25.500000	18.503413	0.000000
166.500000	28.500000	19.435283	0.000000
166.500000	31.500000	20.208199	0.000000
166.500000	34.500000	20.781917	0.000000
166.500000	37.500000	21.611275	0.000000
166.500000	40.500000	22.437399	0.000000
166.500000	43.500000	22.833107	0.000000
166.500000	46.500000	23.207033	0.000000
166.500000	49.500000	24.065622	0.000000
166.500000	52.500000	24.984048	0.000000
166.500000	55.500000	25.370339	0.000000
166.500000	58.500000	24.822337	0.000000
166.500000	61.500000	24.612420	0.000000
166.500000	64.500000	24.267527	0.000000
166.500000	67.500000	23.680206	0.000000
166.500000	70.500000	24.051068	0.000000
166.500000	73.500000	25.006625	0.000000

169.500000	-73.500000	28.467974	0.000000
169.500000	-70.500000	27.299354	0.000000
169.500000	-67.500000	26.147864	0.000000
169.500000	-64.500000	24.821812	0.000000
169.500000	-61.500000	23.503339	0.000000
169.500000	-58.500000	22.410823	0.000000
169.500000	-55.500000	21.370741	0.000000
169.500000	-52.500000	20.749319	0.000000
169.500000	-49.500000	20.056504	0.000000
169.500000	-46.500000	19.359601	0.000000
169.500000	-43.500000	18.793985	0.000000
169.500000	-40.500000	18.163863	0.000000
169.500000	-37.500000	17.596179	0.000000
169.500000	-34.500000	17.290372	0.000000
169.500000	-31.500000	17.053060	0.000000
169.500000	-28.500000	17.405958	0.000000
169.500000	-25.500000	17.769053	0.000000
169.500000	-22.500000	17.764572	0.000000
169.500000	-19.500000	17.443709	0.000000
169.500000	-16.500000	17.367979	0.000000
169.500000	-13.500000	17.411198	0.000000
169.500000	-10.500000	17.391513	0.000000
169.500000	-7.500000	17.397818	0.000000
169.500000	-4.500000	17.243114	0.000000
169.500000	-1.500000	16.905116	0.000000
169.500000	1.500000	16.673307	0.000000
169.500000	4.500000	16.770725	0.000000
169.500000	7.500000	16.869908	0.000000
169.500000	10.500000	17.256433	0.000000
169.500000	13.500000	17.793439	0.000000
169.500000	16.500000	17.897171	0.000000
169.500000	19.500000	17.578557	0.000000
169.500000	22.500000	17.696877	0.000000
169.500000	25.500000	18.136629	0.000000
169.500000	28.500000	19.343949	0.000000
169.500000	31.500000	20.298145	0.000000
169.500000	34.500000	20.797143	0.000000
169.500000	37.500000	21.513633	0.000000
169.500000	40.500000	22.345907	0.000000
169.500000	43.500000	22.876721	0.000000
169.500000	46.500000	23.372569	0.000000
169.500000	49.500000	24.411684	0.000000
169.500000	52.500000	25.369117	0.000000
169.500000	55.500000	24.809962	0.000000
169.500000	58.500000	23.555227	0.000000
169.500000	61.500000	23.395198	0.000000
169.500000	64.500000	23.515548	0.000000
169.500000	67.500000	23.294674	0.000000
169.500000	70.500000	23.715794	0.000000
169.500000	73.500000	24.578029	0.000000

172.500000	-73.500000	27.992840	0.000000
172.500000	-70.500000	26.894631	0.000000
172.500000	-67.500000	25.842731	0.000000
172.500000	-64.500000	24.932758	0.000000
172.500000	-61.500000	23.949448	0.000000
172.500000	-58.500000	22.817533	0.000000
172.500000	-55.500000	21.966552	0.000000
172.500000	-52.500000	21.645774	0.000000
172.500000	-49.500000	20.982674	0.000000
172.500000	-46.500000	20.321991	0.000000
172.500000	-43.500000	19.809800	0.000000
172.500000	-40.500000	19.217545	0.000000
172.500000	-37.500000	18.693392	0.000000
172.500000	-34.500000	18.384937	0.000000
172.500000	-31.500000	18.168000	0.000000
172.500000	-28.500000	18.452780	0.000000
172.500000	-25.500000	18.709770	0.000000
172.500000	-22.500000	18.664145	0.000000
172.500000	-19.500000	18.349070	0.000000
172.500000	-16.500000	18.199661	0.000000
172.500000	-13.500000	18.146798	0.000000
172.500000	-10.500000	18.033588	0.000000
172.500000	-7.500000	17.861801	0.000000
172.500000	-4.500000	17.762581	0.000000
172.500000	-1.500000	17.457518	0.000000
172.500000	1.500000	17.097557	0.000000
172.500000	4.500000	17.164295	0.000000
172.500000	7.500000	17.344540	0.000000
172.500000	10.500000	17.889817	0.000000
172.500000	13.500000	18.436235	0.000000
172.500000	16.500000	18.431802	0.000000
172.500000	19.500000	17.853950	0.000000
172.500000	22.500000	17.746712	0.000000
172.500000	25.500000	17.946692	0.000000
172.500000	28.500000	18.518895	0.000000
172.500000	31.500000	19.344441	0.000000
172.500000	34.500000	19.754557	0.000000
172.500000	37.500000	20.410793	0.000000
172.500000	40.500000	21.425724	0.000000
172.500000	43.500000	22.066844	0.000000
172.500000	46.500000	22.614675	0.000000
172.500000	49.500000	23.361462	0.000000
172.500000	52.500000	23.951313	0.000000
172.500000	55.500000	23.108665	0.000000
172.500000	58.500000	21.913348	0.000000
172.500000	61.500000	21.803067	0.000000
172.500000	64.500000	22.147294	0.000000
172.500000	67.500000	22.390705	0.000000
172.500000	70.500000	23.014607	0.000000
172.500000	73.500000	23.791654	0.000000

175.500000	-73.500000	27.743125	0.000000
175.500000	-70.500000	26.843958	0.000000
175.500000	-67.500000	25.952248	0.000000
175.500000	-64.500000	25.284578	0.000000
175.500000	-61.500000	24.375469	0.000000
175.500000	-58.500000	23.272569	0.000000
175.500000	-55.500000	22.560471	0.000000
175.500000	-52.500000	22.244091	0.000000
175.500000	-49.500000	21.572928	0.000000
175.500000	-46.500000	20.905824	0.000000
175.500000	-43.500000	20.451292	0.000000
175.500000	-40.500000	19.934948	0.000000
175.500000	-37.500000	19.585730	0.000000
175.500000	-34.500000	19.455902	0.000000
175.500000	-31.500000	19.249259	0.000000
175.500000	-28.500000	19.281619	0.000000
175.500000	-25.500000	19.247668	0.000000
175.500000	-22.500000	19.057095	0.000000
175.500000	-19.500000	18.795724	0.000000
175.500000	-16.500000	18.738540	0.000000
175.500000	-13.500000	18.603551	0.000000
175.500000	-10.500000	18.271958	0.000000
175.500000	-7.500000	17.634049	0.000000
175.500000	-4.500000	17.448796	0.000000
175.500000	-1.500000	17.260578	0.000000
175.500000	1.500000	17.050631	0.000000
175.500000	4.500000	17.173710	0.000000
175.500000	7.500000	17.349322	0.000000
175.500000	10.500000	17.841990	0.000000
175.500000	13.500000	18.245525	0.000000
175.500000	16.500000	18.189143	0.000000
175.500000	19.500000	17.741479	0.000000
175.500000	22.500000	17.595223	0.000000
175.500000	25.500000	17.763559	0.000000
175.500000	28.500000	17.922770	0.000000
175.500000	31.500000	18.166478	0.000000
175.500000	34.500000	18.404057	0.000000
175.500000	37.500000	18.736636	0.000000
175.500000	40.500000	19.361493	0.000000
175.500000	43.500000	19.956982	0.000000
175.500000	46.500000	20.383968	0.000000
175.500000	49.500000	20.679007	0.000000
175.500000	52.500000	21.188965	0.000000
175.500000	55.500000	21.104224	0.000000
175.500000	58.500000	20.406688	0.000000
175.500000	61.500000	20.571134	0.000000
175.500000	64.500000	21.143195	0.000000
175.500000	67.500000	22.048481	0.000000
175.500000	70.500000	22.971900	0.000000
175.500000	73.500000	23.797018	0.000000

178.500000	-73.500000	27.287292	0.000000
178.500000	-70.500000	26.478371	0.000000
178.500000	-67.500000	25.756563	0.000000
178.500000	-64.500000	25.438698	0.000000
178.500000	-61.500000	24.614395	0.000000
178.500000	-58.500000	23.610690	0.000000
178.500000	-55.500000	23.357924	0.000000
178.500000	-52.500000	23.204574	0.000000
178.500000	-49.500000	22.525699	0.000000
178.500000	-46.500000	21.766788	0.000000
178.500000	-43.500000	21.205930	0.000000
178.500000	-40.500000	20.700571	0.000000
178.500000	-37.500000	20.334226	0.000000
178.500000	-34.500000	20.504789	0.000000
178.500000	-31.500000	20.250619	0.000000
178.500000	-28.500000	19.312293	0.000000
178.500000	-25.500000	18.772635	0.000000
178.500000	-22.500000	18.485543	0.000000
178.500000	-19.500000	18.445723	0.000000
178.500000	-16.500000	18.648202	0.000000
178.500000	-13.500000	18.535045	0.000000
178.500000	-10.500000	17.909332	0.000000
178.500000	-7.500000	16.974932	0.000000
178.500000	-4.500000	16.771077	0.000000
178.500000	-1.500000	16.663221	0.000000
178.500000	1.500000	16.602553	0.000000
178.500000	4.500000	16.753560	0.000000
178.500000	7.500000	16.883981	0.000000
178.500000	10.500000	17.201908	0.000000
178.500000	13.500000	17.361175	0.000000
178.500000	16.500000	17.268346	0.000000
178.500000	19.500000	16.972611	0.000000
178.500000	22.500000	16.921179	0.000000
178.500000	25.500000	17.069092	0.000000
178.500000	28.500000	17.115664	0.000000
178.500000	31.500000	17.130679	0.000000
178.500000	34.500000	17.321257	0.000000
178.500000	37.500000	17.446840	0.000000
178.500000	40.500000	17.691184	0.000000
178.500000	43.500000	18.174491	0.000000
178.500000	46.500000	18.559914	0.000000
178.500000	49.500000	18.740801	0.000000
178.500000	52.500000	19.258092	0.000000
178.500000	55.500000	19.503437	0.000000
178.500000	58.500000	19.421191	0.000000
178.500000	61.500000	19.988881	0.000000
178.500000	64.500000	20.713719	0.000000
178.500000	67.500000	21.664657	0.000000
178.500000	70.500000	22.716808	0.000000
178.500000	73.500000	23.747177	0.000000

181.500000	-73.500000	27.533730	0.000000
181.500000	-70.500000	26.754587	0.000000
181.500000	-67.500000	26.193168	0.000000
181.500000	-64.500000	26.180442	0.000000
181.500000	-61.500000	25.407817	0.000000
181.500000	-58.500000	24.488923	0.000000
181.500000	-55.500000	24.389369	0.000000
181.500000	-52.500000	24.294468	0.000000
181.500000	-49.500000	23.600154	0.000000
181.500000	-46.500000	22.679579	0.000000
181.500000	-43.500000	21.982578	0.000000
181.500000	-40.500000	21.471595	0.000000
181.500000	-37.500000	21.054058	0.000000
181.500000	-34.500000	21.259632	0.000000
181.500000	-31.500000	20.896605	0.000000
181.500000	-28.500000	19.193279	0.000000
181.500000	-25.500000	17.921027	0.000000
181.500000	-22.500000	17.538967	0.000000
181.500000	-19.500000	17.519001	0.000000
181.500000	-16.500000	17.938246	0.000000
181.500000	-13.500000	17.891000	0.000000
181.500000	-10.500000	17.082698	0.000000
181.500000	-7.500000	16.096164	0.000000
181.500000	-4.500000	15.913110	0.000000
181.500000	-1.500000	15.836225	0.000000
181.500000	1.500000	15.846802	0.000000
181.500000	4.500000	15.970208	0.000000
181.500000	7.500000	16.037904	0.000000
181.500000	10.500000	16.078611	0.000000
181.500000	13.500000	16.067634	0.000000
181.500000	16.500000	15.932793	0.000000
181.500000	19.500000	15.778787	0.000000
181.500000	22.500000	15.895103	0.000000
181.500000	25.500000	16.040882	0.000000
181.500000	28.500000	15.979581	0.000000
181.500000	31.500000	15.891960	0.000000
181.500000	34.500000	16.091809	0.000000
181.500000	37.500000	16.193661	0.000000
181.500000	40.500000	16.354162	0.000000
181.500000	43.500000	16.825412	0.000000
181.500000	46.500000	17.145618	0.000000
181.500000	49.500000	17.258310	0.000000
181.500000	52.500000	17.787197	0.000000
181.500000	55.500000	18.129041	0.000000
181.500000	58.500000	18.341696	0.000000
181.500000	61.500000	19.164079	0.000000
181.500000	64.500000	20.108695	0.000000
181.500000	67.500000	21.177395	0.000000
181.500000	70.500000	22.337115	0.000000
181.500000	73.500000	23.497880	0.000000

184.500000	-73.500000	28.038973	0.000000
184.500000	-70.500000	27.132033	0.000000
184.500000	-67.500000	26.389297	0.000000
184.500000	-64.500000	26.455655	0.000000
184.500000	-61.500000	26.086313	0.000000
184.500000	-58.500000	25.284759	0.000000
184.500000	-55.500000	25.169034	0.000000
184.500000	-52.500000	24.950419	0.000000
184.500000	-49.500000	24.184592	0.000000
184.500000	-46.500000	23.106673	0.000000
184.500000	-43.500000	22.349184	0.000000
184.500000	-40.500000	21.860741	0.000000
184.500000	-37.500000	21.450170	0.000000
184.500000	-34.500000	21.301218	0.000000
184.500000	-31.500000	20.812216	0.000000
184.500000	-28.500000	19.356838	0.000000
184.500000	-25.500000	17.776737	0.000000
184.500000	-22.500000	17.225169	0.000000
184.500000	-19.500000	16.988031	0.000000
184.500000	-16.500000	16.930775	0.000000
184.500000	-13.500000	16.729934	0.000000
184.500000	-10.500000	16.116178	0.000000
184.500000	-7.500000	15.164311	0.000000
184.500000	-4.500000	14.883427	0.000000
184.500000	-1.500000	14.726361	0.000000
184.500000	1.500000	14.734086	0.000000
184.500000	4.500000	14.787872	0.000000
184.500000	7.500000	14.690634	0.000000
184.500000	10.500000	14.596770	0.000000
184.500000	13.500000	14.503608	0.000000
184.500000	16.500000	14.345742	0.000000
184.500000	19.500000	14.295684	0.000000
184.500000	22.500000	14.577917	0.000000
184.500000	25.500000	14.740173	0.000000
184.500000	28.500000	14.577988	0.000000
184.500000	31.500000	14.523186	0.000000
184.500000	34.500000	14.828945	0.000000
184.500000	37.500000	14.973587	0.000000
184.500000	40.500000	15.127884	0.000000
184.500000	43.500000	15.588896	0.000000
184.500000	46.500000	15.826960	0.000000
184.500000	49.500000	16.002142	0.000000
184.500000	52.500000	16.610424	0.000000
184.500000	55.500000	17.056662	0.000000
184.500000	58.500000	17.766066	0.000000
184.500000	61.500000	18.847850	0.000000
184.500000	64.500000	20.149191	0.000000
184.500000	67.500000	21.473014	0.000000
184.500000	70.500000	22.677151	0.000000
184.500000	73.500000	23.879144	0.000000

187.500000	-73.500000	27.745519	0.000000
187.500000	-70.500000	26.722612	0.000000
187.500000	-67.500000	25.878028	0.000000
187.500000	-64.500000	25.949204	0.000000
187.500000	-61.500000	26.036021	0.000000
187.500000	-58.500000	25.552979	0.000000
187.500000	-55.500000	25.301801	0.000000
187.500000	-52.500000	24.820222	0.000000
187.500000	-49.500000	23.988568	0.000000
187.500000	-46.500000	22.907647	0.000000
187.500000	-43.500000	22.169638	0.000000
187.500000	-40.500000	21.668216	0.000000
187.500000	-37.500000	21.068579	0.000000
187.500000	-34.500000	20.339622	0.000000
187.500000	-31.500000	19.811935	0.000000
187.500000	-28.500000	18.878153	0.000000
187.500000	-25.500000	17.457060	0.000000
187.500000	-22.500000	16.890305	0.000000
187.500000	-19.500000	16.489200	0.000000
187.500000	-16.500000	15.868424	0.000000
187.500000	-13.500000	15.488156	0.000000
187.500000	-10.500000	15.050328	0.000000
187.500000	-7.500000	14.235300	0.000000
187.500000	-4.500000	13.761384	0.000000
187.500000	-1.500000	13.465154	0.000000
187.500000	1.500000	13.369862	0.000000
187.500000	4.500000	13.338428	0.000000
187.500000	7.500000	13.176229	0.000000
187.500000	10.500000	13.073116	0.000000
187.500000	13.500000	13.063276	0.000000
187.500000	16.500000	12.978718	0.000000
187.500000	19.500000	13.058927	0.000000
187.500000	22.500000	13.398576	0.000000
187.500000	25.500000	13.564186	0.000000
187.500000	28.500000	13.439426	0.000000
187.500000	31.500000	13.550703	0.000000
187.500000	34.500000	14.000394	0.000000
187.500000	37.500000	14.134607	0.000000
187.500000	40.500000	14.170838	0.000000
187.500000	43.500000	14.645199	0.000000
187.500000	46.500000	14.921919	0.000000
187.500000	49.500000	15.320655	0.000000
187.500000	52.500000	16.017090	0.000000
187.500000	55.500000	16.564722	0.000000
187.500000	58.500000	17.488454	0.000000
187.500000	61.500000	18.607796	0.000000
187.500000	64.500000	20.051156	0.000000
187.500000	67.500000	21.558886	0.000000
187.500000	70.500000	22.683481	0.000000
187.500000	73.500000	23.705786	0.000000

190.500000	-73.500000	27.071560	0.000000
190.500000	-70.500000	26.173001	0.000000
190.500000	-67.500000	25.275472	0.000000
190.500000	-64.500000	25.259057	0.000000
190.500000	-61.500000	25.357692	0.000000
190.500000	-58.500000	24.952188	0.000000
190.500000	-55.500000	24.508623	0.000000
190.500000	-52.500000	23.885576	0.000000
190.500000	-49.500000	23.091988	0.000000
190.500000	-46.500000	22.139985	0.000000
190.500000	-43.500000	21.474970	0.000000
190.500000	-40.500000	20.927764	0.000000
190.500000	-37.500000	19.966030	0.000000
190.500000	-34.500000	18.918018	0.000000
190.500000	-31.500000	18.428600	0.000000
190.500000	-28.500000	17.663091	0.000000
190.500000	-25.500000	16.385387	0.000000
190.500000	-22.500000	15.781856	0.000000
190.500000	-19.500000	15.331854	0.000000
190.500000	-16.500000	14.613534	0.000000
190.500000	-13.500000	14.206119	0.000000
190.500000	-10.500000	13.841390	0.000000
190.500000	-7.500000	13.210709	0.000000
190.500000	-4.500000	12.771866	0.000000
190.500000	-1.500000	12.480795	0.000000
190.500000	1.500000	12.298615	0.000000
190.500000	4.500000	12.230586	0.000000
190.500000	7.500000	12.076540	0.000000
190.500000	10.500000	11.936657	0.000000
190.500000	13.500000	11.993648	0.000000
190.500000	16.500000	12.007463	0.000000
190.500000	19.500000	12.123483	0.000000
190.500000	22.500000	12.423747	0.000000
190.500000	25.500000	12.621739	0.000000
190.500000	28.500000	12.638141	0.000000
190.500000	31.500000	12.880683	0.000000
190.500000	34.500000	13.355314	0.000000
190.500000	37.500000	13.446469	0.000000
190.500000	40.500000	13.454451	0.000000
190.500000	43.500000	13.935069	0.000000
190.500000	46.500000	14.305787	0.000000
190.500000	49.500000	14.807823	0.000000
190.500000	52.500000	15.521074	0.000000
190.500000	55.500000	16.241932	0.000000
190.500000	58.500000	17.178435	0.000000
190.500000	61.500000	18.132742	0.000000
190.500000	64.500000	19.441862	0.000000
190.500000	67.500000	20.869063	0.000000
190.500000	70.500000	21.925152	0.000000
190.500000	73.500000	22.892854	0.000000

193.500000	-73.500000	25.859842	0.000000
193.500000	-70.500000	25.344787	0.000000
193.500000	-67.500000	24.556745	0.000000
193.500000	-64.500000	24.540922	0.000000
193.500000	-61.500000	24.554596	0.000000
193.500000	-58.500000	24.050591	0.000000
193.500000	-55.500000	23.350887	0.000000
193.500000	-52.500000	22.678875	0.000000
193.500000	-49.500000	21.869203	0.000000
193.500000	-46.500000	21.006868	0.000000
193.500000	-43.500000	20.398992	0.000000
193.500000	-40.500000	19.774652	0.000000
193.500000	-37.500000	18.612903	0.000000
193.500000	-34.500000	17.461623	0.000000
193.500000	-31.500000	16.976729	0.000000
193.500000	-28.500000	16.338960	0.000000
193.500000	-25.500000	15.156816	0.000000
193.500000	-22.500000	14.557341	0.000000
193.500000	-19.500000	14.063319	0.000000
193.500000	-16.500000	13.305855	0.000000
193.500000	-13.500000	12.916432	0.000000
193.500000	-10.500000	12.554645	0.000000
193.500000	-7.500000	12.029597	0.000000
193.500000	-4.500000	11.661354	0.000000
193.500000	-1.500000	11.386674	0.000000
193.500000	1.500000	11.209376	0.000000
193.500000	4.500000	11.237156	0.000000
193.500000	7.500000	11.175924	0.000000
193.500000	10.500000	10.981009	0.000000
193.500000	13.500000	11.152617	0.000000
193.500000	16.500000	11.322053	0.000000
193.500000	19.500000	11.413501	0.000000
193.500000	22.500000	11.644265	0.000000
193.500000	25.500000	11.892247	0.000000
193.500000	28.500000	12.078056	0.000000
193.500000	31.500000	12.361857	0.000000
193.500000	34.500000	12.652109	0.000000
193.500000	37.500000	12.788009	0.000000
193.500000	40.500000	12.988915	0.000000
193.500000	43.500000	13.376800	0.000000
193.500000	46.500000	13.882679	0.000000
193.500000	49.500000	14.594943	0.000000
193.500000	52.500000	15.277412	0.000000
193.500000	55.500000	16.101491	0.000000
193.500000	58.500000	17.083253	0.000000
193.500000	61.500000	17.941760	0.000000
193.500000	64.500000	19.173541	0.000000
193.500000	67.500000	20.685280	0.000000
193.500000	70.500000	21.814998	0.000000
193.500000	73.500000	22.805629	0.000000

196.500000	-73.500000	25.422996	0.000000
196.500000	-70.500000	24.879359	0.000000
196.500000	-67.500000	24.045145	0.000000
196.500000	-64.500000	23.999467	0.000000
196.500000	-61.500000	24.058742	0.000000
196.500000	-58.500000	23.599261	0.000000
196.500000	-55.500000	22.649620	0.000000
196.500000	-52.500000	21.942194	0.000000
196.500000	-49.500000	21.135468	0.000000
196.500000	-46.500000	20.099414	0.000000
196.500000	-43.500000	19.292343	0.000000
196.500000	-40.500000	18.717774	0.000000
196.500000	-37.500000	17.785521	0.000000
196.500000	-34.500000	16.568997	0.000000
196.500000	-31.500000	15.997780	0.000000
196.500000	-28.500000	15.372134	0.000000
196.500000	-25.500000	14.314826	0.000000
196.500000	-22.500000	13.524818	0.000000
196.500000	-19.500000	12.731222	0.000000
196.500000	-16.500000	12.040565	0.000000
196.500000	-13.500000	11.700490	0.000000
196.500000	-10.500000	11.197574	0.000000
196.500000	-7.500000	10.923555	0.000000
196.500000	-4.500000	10.785017	0.000000
196.500000	-1.500000	10.653750	0.000000
196.500000	1.500000	10.728642	0.000000
196.500000	4.500000	10.923486	0.000000
196.500000	7.500000	10.954121	0.000000
196.500000	10.500000	10.740694	0.000000
196.500000	13.500000	11.002702	0.000000
196.500000	16.500000	11.294318	0.000000
196.500000	19.500000	11.262540	0.000000
196.500000	22.500000	11.403236	0.000000
196.500000	25.500000	11.608971	0.000000
196.500000	28.500000	11.726141	0.000000
196.500000	31.500000	11.810128	0.000000
196.500000	34.500000	11.869216	0.000000
196.500000	37.500000	12.061088	0.000000
196.500000	40.500000	12.587448	0.000000
196.500000	43.500000	13.046291	0.000000
196.500000	46.500000	13.699143	0.000000
196.500000	49.500000	14.587039	0.000000
196.500000	52.500000	15.345591	0.000000
196.500000	55.500000	16.214984	0.000000
196.500000	58.500000	17.210732	0.000000
196.500000	61.500000	18.043181	0.000000
196.500000	64.500000	19.228721	0.000000
196.500000	67.500000	20.834750	0.000000
196.500000	70.500000	22.026189	0.000000
196.500000	73.500000	23.087624	0.000000

199.500000	-73.500000	25.267964	0.000000
199.500000	-70.500000	24.225096	0.000000
199.500000	-67.500000	23.148538	0.000000
199.500000	-64.500000	22.963155	0.000000
199.500000	-61.500000	22.903150	0.000000
199.500000	-58.500000	22.410451	0.000000
199.500000	-55.500000	21.561512	0.000000
199.500000	-52.500000	20.880781	0.000000
199.500000	-49.500000	20.180541	0.000000
199.500000	-46.500000	19.197275	0.000000
199.500000	-43.500000	18.385144	0.000000
199.500000	-40.500000	17.842869	0.000000
199.500000	-37.500000	17.110350	0.000000
199.500000	-34.500000	15.966486	0.000000
199.500000	-31.500000	15.150264	0.000000
199.500000	-28.500000	14.326839	0.000000
199.500000	-25.500000	13.371035	0.000000
199.500000	-22.500000	12.493914	0.000000
199.500000	-19.500000	11.555613	0.000000
199.500000	-16.500000	10.916328	0.000000
199.500000	-13.500000	10.612396	0.000000
199.500000	-10.500000	10.143436	0.000000
199.500000	-7.500000	10.245682	0.000000
199.500000	-4.500000	10.457873	0.000000
199.500000	-1.500000	10.569053	0.000000
199.500000	1.500000	10.979452	0.000000
199.500000	4.500000	11.246845	0.000000
199.500000	7.500000	11.248697	0.000000
199.500000	10.500000	10.932581	0.000000
199.500000	13.500000	11.132655	0.000000
199.500000	16.500000	11.156255	0.000000
199.500000	19.500000	10.863368	0.000000
199.500000	22.500000	10.978918	0.000000
199.500000	25.500000	11.064965	0.000000
199.500000	28.500000	11.020989	0.000000
199.500000	31.500000	11.132114	0.000000
199.500000	34.500000	11.293093	0.000000
199.500000	37.500000	11.629522	0.000000
199.500000	40.500000	12.476707	0.000000
199.500000	43.500000	13.230328	0.000000
199.500000	46.500000	14.089300	0.000000
199.500000	49.500000	15.138634	0.000000
199.500000	52.500000	16.037682	0.000000
199.500000	55.500000	16.897806	0.000000
199.500000	58.500000	17.775922	0.000000
199.500000	61.500000	18.548182	0.000000
199.500000	64.500000	19.395495	0.000000
199.500000	67.500000	20.806872	0.000000
199.500000	70.500000	22.035249	0.000000
199.500000	73.500000	23.014835	0.000000

202.500000	-73.500000	24.937119	0.000000
202.500000	-70.500000	23.633246	0.000000
202.500000	-67.500000	22.330526	0.000000
202.500000	-64.500000	21.695824	0.000000
202.500000	-61.500000	21.450345	0.000000
202.500000	-58.500000	20.907231	0.000000
202.500000	-55.500000	20.138254	0.000000
202.500000	-52.500000	19.521807	0.000000
202.500000	-49.500000	18.893806	0.000000
202.500000	-46.500000	18.136905	0.000000
202.500000	-43.500000	17.533435	0.000000
202.500000	-40.500000	17.023322	0.000000
202.500000	-37.500000	16.266595	0.000000
202.500000	-34.500000	14.968400	0.000000
202.500000	-31.500000	14.025327	0.000000
202.500000	-28.500000	13.095946	0.000000
202.500000	-25.500000	12.136211	0.000000
202.500000	-22.500000	11.361807	0.000000
202.500000	-19.500000	10.560561	0.000000
202.500000	-16.500000	10.014444	0.000000
202.500000	-13.500000	9.833238	0.000000
202.500000	-10.500000	9.731192	0.000000
202.500000	-7.500000	10.132022	0.000000
202.500000	-4.500000	10.549058	0.000000
202.500000	-1.500000	11.084216	0.000000
202.500000	1.500000	11.826030	0.000000
202.500000	4.500000	11.837318	0.000000
202.500000	7.500000	11.450168	0.000000
202.500000	10.500000	11.000898	0.000000
202.500000	13.500000	11.007434	0.000000
202.500000	16.500000	10.667753	0.000000
202.500000	19.500000	10.296809	0.000000
202.500000	22.500000	10.543594	0.000000
202.500000	25.500000	10.618928	0.000000
202.500000	28.500000	10.536833	0.000000
202.500000	31.500000	10.823144	0.000000
202.500000	34.500000	11.279469	0.000000
202.500000	37.500000	12.044680	0.000000
202.500000	40.500000	13.075508	0.000000
202.500000	43.500000	14.020522	0.000000
202.500000	46.500000	14.946535	0.000000
202.500000	49.500000	15.979918	0.000000
202.500000	52.500000	16.933927	0.000000
202.500000	55.500000	17.874383	0.000000
202.500000	58.500000	18.828402	0.000000
202.500000	61.500000	19.582876	0.000000
202.500000	64.500000	20.204810	0.000000
202.500000	67.500000	20.747816	0.000000
202.500000	70.500000	21.578911	0.000000
202.500000	73.500000	22.478112	0.000000

205.500000	-73.500000	25.144602	0.000000
205.500000	-70.500000	23.888557	0.000000
205.500000	-67.500000	22.534266	0.000000
205.500000	-64.500000	21.245341	0.000000
205.500000	-61.500000	20.525587	0.000000
205.500000	-58.500000	19.818397	0.000000
205.500000	-55.500000	19.047845	0.000000
205.500000	-52.500000	18.617276	0.000000
205.500000	-49.500000	18.139365	0.000000
205.500000	-46.500000	17.527917	0.000000
205.500000	-43.500000	17.087242	0.000000
205.500000	-40.500000	16.563092	0.000000
205.500000	-37.500000	15.755132	0.000000
205.500000	-34.500000	14.474788	0.000000
205.500000	-31.500000	13.354389	0.000000
205.500000	-28.500000	12.325528	0.000000
205.500000	-25.500000	11.410286	0.000000
205.500000	-22.500000	10.753728	0.000000
205.500000	-19.500000	10.141923	0.000000
205.500000	-16.500000	9.811455	0.000000
205.500000	-13.500000	9.791027	0.000000
205.500000	-10.500000	9.992165	0.000000
205.500000	-7.500000	10.439417	0.000000
205.500000	-4.500000	10.826344	0.000000
205.500000	-1.500000	11.410643	0.000000
205.500000	1.500000	12.057481	0.000000
205.500000	4.500000	11.870619	0.000000
205.500000	7.500000	11.392334	0.000000
205.500000	10.500000	10.940882	0.000000
205.500000	13.500000	10.957284	0.000000
205.500000	16.500000	10.665109	0.000000
205.500000	19.500000	10.302190	0.000000
205.500000	22.500000	10.407747	0.000000
205.500000	25.500000	10.393142	0.000000
205.500000	28.500000	10.486334	0.000000
205.500000	31.500000	10.986744	0.000000
205.500000	34.500000	11.643730	0.000000
205.500000	37.500000	12.725790	0.000000
205.500000	40.500000	13.844749	0.000000
205.500000	43.500000	14.833074	0.000000
205.500000	46.500000	15.870368	0.000000
205.500000	49.500000	16.939966	0.000000
205.500000	52.500000	17.889710	0.000000
205.500000	55.500000	18.835749	0.000000
205.500000	58.500000	19.823824	0.000000
205.500000	61.500000	20.465657	0.000000
205.500000	64.500000	20.641252	0.000000
205.500000	67.500000	20.642421	0.000000
205.500000	70.500000	21.356597	0.000000
205.500000	73.500000	22.234595	0.000000

208.500000	-73.500000	25.154872	0.000000
208.500000	-70.500000	24.057845	0.000000
208.500000	-67.500000	22.655688	0.000000
208.500000	-64.500000	20.854694	0.000000
208.500000	-61.500000	19.809068	0.000000
208.500000	-58.500000	19.085713	0.000000
208.500000	-55.500000	18.387019	0.000000
208.500000	-52.500000	18.123217	0.000000
208.500000	-49.500000	17.837765	0.000000
208.500000	-46.500000	17.227536	0.000000
208.500000	-43.500000	16.735182	0.000000
208.500000	-40.500000	16.141581	0.000000
208.500000	-37.500000	15.288327	0.000000
208.500000	-34.500000	14.142533	0.000000
208.500000	-31.500000	13.041078	0.000000
208.500000	-28.500000	12.004306	0.000000
208.500000	-25.500000	11.202050	0.000000
208.500000	-22.500000	10.685468	0.000000
208.500000	-19.500000	10.200342	0.000000
208.500000	-16.500000	10.045755	0.000000
208.500000	-13.500000	10.058043	0.000000
208.500000	-10.500000	10.326120	0.000000
208.500000	-7.500000	10.836815	0.000000
208.500000	-4.500000	11.172158	0.000000
208.500000	-1.500000	11.590043	0.000000
208.500000	1.500000	12.100771	0.000000
208.500000	4.500000	11.884980	0.000000
208.500000	7.500000	11.432022	0.000000
208.500000	10.500000	11.008730	0.000000
208.500000	13.500000	10.979642	0.000000
208.500000	16.500000	10.772662	0.000000
208.500000	19.500000	10.502205	0.000000
208.500000	22.500000	10.392602	0.000000
208.500000	25.500000	10.364015	0.000000
208.500000	28.500000	10.679333	0.000000
208.500000	31.500000	11.344013	0.000000
208.500000	34.500000	12.060505	0.000000
208.500000	37.500000	13.438667	0.000000
208.500000	40.500000	14.645594	0.000000
208.500000	43.500000	15.563109	0.000000
208.500000	46.500000	16.962994	0.000000
208.500000	49.500000	18.273650	0.000000
208.500000	52.500000	19.096865	0.000000
208.500000	55.500000	19.547625	0.000000
208.500000	58.500000	19.881921	0.000000
208.500000	61.500000	20.353077	0.000000
208.500000	64.500000	20.517776	0.000000
208.500000	67.500000	20.484770	0.000000
208.500000	70.500000	21.146078	0.000000
208.500000	73.500000	21.946506	0.000000

211.500000	-73.500000	24.491208	0.000000
211.500000	-70.500000	23.504719	0.000000
211.500000	-67.500000	21.978025	0.000000
211.500000	-64.500000	20.242198	0.000000
211.500000	-61.500000	19.387745	0.000000
211.500000	-58.500000	18.777557	0.000000
211.500000	-55.500000	18.181725	0.000000
211.500000	-52.500000	17.942972	0.000000
211.500000	-49.500000	17.671109	0.000000
211.500000	-46.500000	17.195550	0.000000
211.500000	-43.500000	16.658492	0.000000
211.500000	-40.500000	15.900493	0.000000
211.500000	-37.500000	14.911025	0.000000
211.500000	-34.500000	13.951759	0.000000
211.500000	-31.500000	12.994244	0.000000
211.500000	-28.500000	12.026629	0.000000
211.500000	-25.500000	11.468156	0.000000
211.500000	-22.500000	11.063780	0.000000
211.500000	-19.500000	10.715860	0.000000
211.500000	-16.500000	10.750966	0.000000
211.500000	-13.500000	10.804698	0.000000
211.500000	-10.500000	11.063581	0.000000
211.500000	-7.500000	11.516625	0.000000
211.500000	-4.500000	11.746648	0.000000
211.500000	-1.500000	11.868609	0.000000
211.500000	1.500000	12.088990	0.000000
211.500000	4.500000	11.977695	0.000000
211.500000	7.500000	11.658029	0.000000
211.500000	10.500000	11.347851	0.000000
211.500000	13.500000	11.240933	0.000000
211.500000	16.500000	11.098873	0.000000
211.500000	19.500000	10.934681	0.000000
211.500000	22.500000	10.843632	0.000000
211.500000	25.500000	10.909103	0.000000
211.500000	28.500000	11.302239	0.000000
211.500000	31.500000	11.891144	0.000000
211.500000	34.500000	12.600520	0.000000
211.500000	37.500000	14.025222	0.000000
211.500000	40.500000	15.178335	0.000000
211.500000	43.500000	16.071019	0.000000
211.500000	46.500000	17.527828	0.000000
211.500000	49.500000	18.877086	0.000000
211.500000	52.500000	19.560208	0.000000
211.500000	55.500000	19.845787	0.000000
211.500000	58.500000	19.886898	0.000000
211.500000	61.500000	20.316919	0.000000
211.500000	64.500000	20.582519	0.000000
211.500000	67.500000	20.389297	0.000000
211.500000	70.500000	20.753054	0.000000
211.500000	73.500000	21.390697	0.000000

214.500000	-73.500000	24.156194	0.000000
214.500000	-70.500000	23.176789	0.000000
214.500000	-67.500000	21.757457	0.000000
214.500000	-64.500000	20.264563	0.000000
214.500000	-61.500000	19.648233	0.000000
214.500000	-58.500000	19.073136	0.000000
214.500000	-55.500000	18.397732	0.000000
214.500000	-52.500000	18.095353	0.000000
214.500000	-49.500000	17.742351	0.000000
214.500000	-46.500000	17.370677	0.000000
214.500000	-43.500000	16.784947	0.000000
214.500000	-40.500000	15.856066	0.000000
214.500000	-37.500000	14.811525	0.000000
214.500000	-34.500000	14.119038	0.000000
214.500000	-31.500000	13.402310	0.000000
214.500000	-28.500000	12.524629	0.000000
214.500000	-25.500000	12.092536	0.000000
214.500000	-22.500000	11.782119	0.000000
214.500000	-19.500000	11.522072	0.000000
214.500000	-16.500000	11.668589	0.000000
214.500000	-13.500000	11.769808	0.000000
214.500000	-10.500000	11.814158	0.000000
214.500000	-7.500000	11.872255	0.000000
214.500000	-4.500000	11.903248	0.000000
214.500000	-1.500000	11.877854	0.000000
214.500000	1.500000	11.944609	0.000000
214.500000	4.500000	11.919412	0.000000
214.500000	7.500000	11.760100	0.000000
214.500000	10.500000	11.578534	0.000000
214.500000	13.500000	11.557802	0.000000
214.500000	16.500000	11.513298	0.000000
214.500000	19.500000	11.296724	0.000000
214.500000	22.500000	11.092049	0.000000
214.500000	25.500000	11.199005	0.000000
214.500000	28.500000	11.700763	0.000000
214.500000	31.500000	12.382997	0.000000
214.500000	34.500000	13.103123	0.000000
214.500000	37.500000	14.356766	0.000000
214.500000	40.500000	15.311642	0.000000
214.500000	43.500000	16.162000	0.000000
214.500000	46.500000	17.511300	0.000000
214.500000	49.500000	18.646837	0.000000
214.500000	52.500000	19.199582	0.000000
214.500000	55.500000	19.605189	0.000000
214.500000	58.500000	19.852377	0.000000
214.500000	61.500000	20.338004	0.000000
214.500000	64.500000	20.706654	0.000000
214.500000	67.500000	20.535853	0.000000
214.500000	70.500000	20.821260	0.000000
214.500000	73.500000	21.441819	0.000000

217.500000	-73.500000	23.683764	0.000000
217.500000	-70.500000	22.782865	0.000000
217.500000	-67.500000	21.682354	0.000000
217.500000	-64.500000	20.523899	0.000000
217.500000	-61.500000	19.960240	0.000000
217.500000	-58.500000	19.232353	0.000000
217.500000	-55.500000	18.556156	0.000000
217.500000	-52.500000	18.279573	0.000000
217.500000	-49.500000	17.869482	0.000000
217.500000	-46.500000	17.341049	0.000000
217.500000	-43.500000	16.652408	0.000000
217.500000	-40.500000	15.740069	0.000000
217.500000	-37.500000	14.770330	0.000000
217.500000	-34.500000	14.270520	0.000000
217.500000	-31.500000	13.856628	0.000000
217.500000	-28.500000	13.090535	0.000000
217.500000	-25.500000	12.749868	0.000000
217.500000	-22.500000	12.522505	0.000000
217.500000	-19.500000	12.328136	0.000000
217.500000	-16.500000	12.525679	0.000000
217.500000	-13.500000	12.544914	0.000000
217.500000	-10.500000	11.976550	0.000000
217.500000	-7.500000	11.677529	0.000000
217.500000	-4.500000	11.635025	0.000000
217.500000	-1.500000	11.559743	0.000000
217.500000	1.500000	11.589295	0.000000
217.500000	4.500000	11.636504	0.000000
217.500000	7.500000	11.608763	0.000000
217.500000	10.500000	11.533248	0.000000
217.500000	13.500000	11.621645	0.000000
217.500000	16.500000	11.695858	0.000000
217.500000	19.500000	11.449553	0.000000
217.500000	22.500000	11.140519	0.000000
217.500000	25.500000	11.256405	0.000000
217.500000	28.500000	11.868329	0.000000
217.500000	31.500000	12.705845	0.000000
217.500000	34.500000	13.358774	0.000000
217.500000	37.500000	14.197906	0.000000
217.500000	40.500000	14.999017	0.000000
217.500000	43.500000	15.817647	0.000000
217.500000	46.500000	17.037315	0.000000
217.500000	49.500000	17.962510	0.000000
217.500000	52.500000	18.506731	0.000000
217.500000	55.500000	18.954943	0.000000
217.500000	58.500000	19.371445	0.000000
217.500000	61.500000	19.915448	0.000000
217.500000	64.500000	20.358249	0.000000
217.500000	67.500000	20.392238	0.000000
217.500000	70.500000	20.843911	0.000000
217.500000	73.500000	21.586210	0.000000

220.500000	-73.500000	23.067756	0.000000
220.500000	-70.500000	22.153844	0.000000
220.500000	-67.500000	21.270871	0.000000
220.500000	-64.500000	20.746001	0.000000
220.500000	-61.500000	20.107615	0.000000
220.500000	-58.500000	19.086136	0.000000
220.500000	-55.500000	18.405743	0.000000
220.500000	-52.500000	18.346092	0.000000
220.500000	-49.500000	17.809412	0.000000
220.500000	-46.500000	16.936062	0.000000
220.500000	-43.500000	16.308237	0.000000
220.500000	-40.500000	15.492450	0.000000
220.500000	-37.500000	14.587291	0.000000
220.500000	-34.500000	14.039400	0.000000
220.500000	-31.500000	13.498666	0.000000
220.500000	-28.500000	12.846416	0.000000
220.500000	-25.500000	12.637526	0.000000
220.500000	-22.500000	12.465262	0.000000
220.500000	-19.500000	12.323314	0.000000
220.500000	-16.500000	12.642321	0.000000
220.500000	-13.500000	12.498727	0.000000
220.500000	-10.500000	11.536599	0.000000
220.500000	-7.500000	11.177182	0.000000
220.500000	-4.500000	11.130661	0.000000
220.500000	-1.500000	11.067297	0.000000
220.500000	1.500000	11.041298	0.000000
220.500000	4.500000	11.168024	0.000000
220.500000	7.500000	11.232925	0.000000
220.500000	10.500000	11.276612	0.000000
220.500000	13.500000	11.447147	0.000000
220.500000	16.500000	11.627497	0.000000
220.500000	19.500000	11.319084	0.000000
220.500000	22.500000	11.022305	0.000000
220.500000	25.500000	11.133962	0.000000
220.500000	28.500000	11.689269	0.000000
220.500000	31.500000	12.633096	0.000000
220.500000	34.500000	13.137608	0.000000
220.500000	37.500000	13.641583	0.000000
220.500000	40.500000	14.362274	0.000000
220.500000	43.500000	15.143089	0.000000
220.500000	46.500000	16.217106	0.000000
220.500000	49.500000	17.015011	0.000000
220.500000	52.500000	17.544148	0.000000
220.500000	55.500000	18.028157	0.000000
220.500000	58.500000	18.555875	0.000000
220.500000	61.500000	19.151829	0.000000
220.500000	64.500000	19.547288	0.000000
220.500000	67.500000	19.620885	0.000000
220.500000	70.500000	20.256823	0.000000
220.500000	73.500000	21.125679	0.000000

223.500000	-73.500000	23.059983	0.000000
223.500000	-70.500000	22.103235	0.000000
223.500000	-67.500000	21.312036	0.000000
223.500000	-64.500000	21.117082	0.000000
223.500000	-61.500000	20.389782	0.000000
223.500000	-58.500000	19.300942	0.000000
223.500000	-55.500000	18.490408	0.000000
223.500000	-52.500000	18.297338	0.000000
223.500000	-49.500000	17.410283	0.000000
223.500000	-46.500000	16.275558	0.000000
223.500000	-43.500000	15.642114	0.000000
223.500000	-40.500000	14.928938	0.000000
223.500000	-37.500000	13.998328	0.000000
223.500000	-34.500000	13.396146	0.000000
223.500000	-31.500000	12.788013	0.000000
223.500000	-28.500000	12.164608	0.000000
223.500000	-25.500000	11.813801	0.000000
223.500000	-22.500000	11.483383	0.000000
223.500000	-19.500000	11.152405	0.000000
223.500000	-16.500000	11.389276	0.000000
223.500000	-13.500000	11.286265	0.000000
223.500000	-10.500000	10.716909	0.000000
223.500000	-7.500000	10.376346	0.000000
223.500000	-4.500000	10.425455	0.000000
223.500000	-1.500000	10.403902	0.000000
223.500000	1.500000	10.510198	0.000000
223.500000	4.500000	10.739532	0.000000
223.500000	7.500000	10.897305	0.000000
223.500000	10.500000	11.048042	0.000000
223.500000	13.500000	11.274226	0.000000
223.500000	16.500000	11.414581	0.000000
223.500000	19.500000	11.088319	0.000000
223.500000	22.500000	10.932644	0.000000
223.500000	25.500000	11.060119	0.000000
223.500000	28.500000	11.447392	0.000000
223.500000	31.500000	12.216704	0.000000
223.500000	34.500000	12.689772	0.000000
223.500000	37.500000	13.016440	0.000000
223.500000	40.500000	13.667314	0.000000
223.500000	43.500000	14.404473	0.000000
223.500000	46.500000	15.223374	0.000000
223.500000	49.500000	15.902730	0.000000
223.500000	52.500000	16.461594	0.000000
223.500000	55.500000	17.018881	0.000000
223.500000	58.500000	17.777478	0.000000
223.500000	61.500000	18.460927	0.000000
223.500000	64.500000	18.906112	0.000000
223.500000	67.500000	19.420961	0.000000
223.500000	70.500000	20.294610	0.000000
223.500000	73.500000	21.182574	0.000000

226.500000	-73.500000	22.924370	0.000000
226.500000	-70.500000	21.928407	0.000000
226.500000	-67.500000	21.106084	0.000000
226.500000	-64.500000	21.036781	0.000000
226.500000	-61.500000	20.520819	0.000000
226.500000	-58.500000	19.450315	0.000000
226.500000	-55.500000	18.604129	0.000000
226.500000	-52.500000	18.100789	0.000000
226.500000	-49.500000	17.031378	0.000000
226.500000	-46.500000	15.866985	0.000000
226.500000	-43.500000	15.136509	0.000000
226.500000	-40.500000	14.369816	0.000000
226.500000	-37.500000	13.461681	0.000000
226.500000	-34.500000	13.022414	0.000000
226.500000	-31.500000	12.510996	0.000000
226.500000	-28.500000	11.814170	0.000000
226.500000	-25.500000	11.265219	0.000000
226.500000	-22.500000	10.769093	0.000000
226.500000	-19.500000	10.321537	0.000000
226.500000	-16.500000	10.285410	0.000000
226.500000	-13.500000	10.155637	0.000000
226.500000	-10.500000	9.714857	0.000000
226.500000	-7.500000	9.422709	0.000000
226.500000	-4.500000	9.535727	0.000000
226.500000	-1.500000	9.597830	0.000000
226.500000	1.500000	9.828967	0.000000
226.500000	4.500000	10.175307	0.000000
226.500000	7.500000	10.376327	0.000000
226.500000	10.500000	10.403085	0.000000
226.500000	13.500000	10.634828	0.000000
226.500000	16.500000	10.831539	0.000000
226.500000	19.500000	10.721107	0.000000
226.500000	22.500000	10.709920	0.000000
226.500000	25.500000	10.866418	0.000000
226.500000	28.500000	11.139232	0.000000
226.500000	31.500000	11.636904	0.000000
226.500000	34.500000	12.086806	0.000000
226.500000	37.500000	12.395305	0.000000
226.500000	40.500000	13.003977	0.000000
226.500000	43.500000	13.762040	0.000000
226.500000	46.500000	14.388773	0.000000
226.500000	49.500000	15.037773	0.000000
226.500000	52.500000	15.731579	0.000000
226.500000	55.500000	16.454331	0.000000
226.500000	58.500000	17.415293	0.000000
226.500000	61.500000	18.222130	0.000000
226.500000	64.500000	18.917209	0.000000
226.500000	67.500000	19.773795	0.000000
226.500000	70.500000	20.715184	0.000000
226.500000	73.500000	21.569964	0.000000

229.500000	-73.500000	22.135057	0.000000
229.500000	-70.500000	21.152113	0.000000
229.500000	-67.500000	20.357612	0.000000
229.500000	-64.500000	20.429304	0.000000
229.500000	-61.500000	20.371371	0.000000
229.500000	-58.500000	19.415578	0.000000
229.500000	-55.500000	18.481677	0.000000
229.500000	-52.500000	17.659828	0.000000
229.500000	-49.500000	16.535692	0.000000
229.500000	-46.500000	15.374720	0.000000
229.500000	-43.500000	14.568596	0.000000
229.500000	-40.500000	13.729365	0.000000
229.500000	-37.500000	12.835155	0.000000
229.500000	-34.500000	12.402347	0.000000
229.500000	-31.500000	11.846510	0.000000
229.500000	-28.500000	11.047782	0.000000
229.500000	-25.500000	10.373509	0.000000
229.500000	-22.500000	9.812445	0.000000
229.500000	-19.500000	9.319543	0.000000
229.500000	-16.500000	9.146290	0.000000
229.500000	-13.500000	9.001232	0.000000
229.500000	-10.500000	8.655819	0.000000
229.500000	-7.500000	8.440677	0.000000
229.500000	-4.500000	8.586428	0.000000
229.500000	-1.500000	8.654701	0.000000
229.500000	1.500000	8.884379	0.000000
229.500000	4.500000	9.264465	0.000000
229.500000	7.500000	9.478351	0.000000
229.500000	10.500000	9.513064	0.000000
229.500000	13.500000	9.778301	0.000000
229.500000	16.500000	10.018598	0.000000
229.500000	19.500000	10.148922	0.000000
229.500000	22.500000	10.304513	0.000000
229.500000	25.500000	10.484940	0.000000
229.500000	28.500000	10.544691	0.000000
229.500000	31.500000	10.843406	0.000000
229.500000	34.500000	11.240916	0.000000
229.500000	37.500000	11.484088	0.000000
229.500000	40.500000	12.098622	0.000000
229.500000	43.500000	12.841863	0.000000
229.500000	46.500000	13.394753	0.000000
229.500000	49.500000	14.077778	0.000000
229.500000	52.500000	14.862576	0.000000
229.500000	55.500000	15.609603	0.000000
229.500000	58.500000	16.428201	0.000000
229.500000	61.500000	17.246225	0.000000
229.500000	64.500000	18.148266	0.000000
229.500000	67.500000	19.503682	0.000000
229.500000	70.500000	20.476733	0.000000
229.500000	73.500000	21.188823	0.000000

232.500000	-73.500000	21.222695	0.000000
232.500000	-70.500000	20.372356	0.000000
232.500000	-67.500000	19.647600	0.000000
232.500000	-64.500000	19.812798	0.000000
232.500000	-61.500000	20.114972	0.000000
232.500000	-58.500000	19.292160	0.000000
232.500000	-55.500000	18.122189	0.000000
232.500000	-52.500000	16.993602	0.000000
232.500000	-49.500000	15.832557	0.000000
232.500000	-46.500000	14.688618	0.000000
232.500000	-43.500000	13.794406	0.000000
232.500000	-40.500000	12.883350	0.000000
232.500000	-37.500000	11.958604	0.000000
232.500000	-34.500000	11.392091	0.000000
232.500000	-31.500000	10.695140	0.000000
232.500000	-28.500000	9.859185	0.000000
232.500000	-25.500000	9.193704	0.000000
232.500000	-22.500000	8.640546	0.000000
232.500000	-19.500000	8.119347	0.000000
232.500000	-16.500000	7.815175	0.000000
232.500000	-13.500000	7.660870	0.000000
232.500000	-10.500000	7.456163	0.000000
232.500000	-7.500000	7.381363	0.000001
232.500000	-4.500000	7.580536	0.000000
232.500000	-1.500000	7.630977	0.000000
232.500000	1.500000	7.872265	0.000000
232.500000	4.500000	8.279080	0.000000
232.500000	7.500000	8.477070	0.000000
232.500000	10.500000	8.529409	0.000000
232.500000	13.500000	8.820967	0.000000
232.500000	16.500000	9.095850	0.000000
232.500000	19.500000	9.385441	0.000000
232.500000	22.500000	9.690824	0.000000
232.500000	25.500000	9.888519	0.000000
232.500000	28.500000	9.700041	0.000000
232.500000	31.500000	9.899560	0.000000
232.500000	34.500000	10.298385	0.000000
232.500000	37.500000	10.544517	0.000000
232.500000	40.500000	11.137568	0.000000
232.500000	43.500000	11.841084	0.000000
232.500000	46.500000	12.309043	0.000000
232.500000	49.500000	12.950705	0.000000
232.500000	52.500000	13.757035	0.000000
232.500000	55.500000	14.471514	0.000000
232.500000	58.500000	15.230367	0.000000
232.500000	61.500000	16.043224	0.000000
232.500000	64.500000	16.933011	0.000000
232.500000	67.500000	18.157492	0.000000
232.500000	70.500000	19.006419	0.000000
232.500000	73.500000	19.663639	0.000000

235.500000	-73.500000	20.767911	0.000000
235.500000	-70.500000	20.025655	0.000000
235.500000	-67.500000	19.412966	0.000000
235.500000	-64.500000	19.685680	0.000000
235.500000	-61.500000	20.148983	0.000000
235.500000	-58.500000	19.280173	0.000000
235.500000	-55.500000	17.813024	0.000000
235.500000	-52.500000	16.225265	0.000000
235.500000	-49.500000	14.980853	0.000000
235.500000	-46.500000	13.797434	0.000000
235.500000	-43.500000	12.742416	0.000000
235.500000	-40.500000	11.752649	0.000000
235.500000	-37.500000	10.748348	0.000000
235.500000	-34.500000	10.002195	0.000000
235.500000	-31.500000	9.226921	0.000000
235.500000	-28.500000	8.402241	0.000000
235.500000	-25.500000	7.814058	0.000000
235.500000	-22.500000	7.325789	0.000001
235.500000	-19.500000	6.760981	0.000002
235.500000	-16.500000	6.382443	0.000003
235.500000	-13.500000	6.247182	0.000004
235.500000	-10.500000	6.154439	0.000004
235.500000	-7.500000	6.249155	0.000004
235.500000	-4.500000	6.460821	0.000003
235.500000	-1.500000	6.653667	0.000002
235.500000	1.500000	6.993493	0.000001
235.500000	4.500000	7.266641	0.000001
235.500000	7.500000	7.371291	0.000001
235.500000	10.500000	7.507743	0.000000
235.500000	13.500000	7.803114	0.000000
235.500000	16.500000	8.091020	0.000000
235.500000	19.500000	8.396834	0.000000
235.500000	22.500000	8.753457	0.000000
235.500000	25.500000	8.909949	0.000000
235.500000	28.500000	8.755053	0.000000
235.500000	31.500000	9.053982	0.000000
235.500000	34.500000	9.520459	0.000000
235.500000	37.500000	9.796679	0.000000
235.500000	40.500000	10.326804	0.000000
235.500000	43.500000	10.940186	0.000000
235.500000	46.500000	11.412634	0.000000
235.500000	49.500000	12.052247	0.000000
235.500000	52.500000	12.787496	0.000000
235.500000	55.500000	13.522104	0.000000
235.500000	58.500000	14.348549	0.000000
235.500000	61.500000	15.106122	0.000000
235.500000	64.500000	15.891427	0.000000
235.500000	67.500000	16.861164	0.000000
235.500000	70.500000	17.613839	0.000000
235.500000	73.500000	18.231033	0.000000

238.500000	-73.500000	20.596338	0.000000
238.500000	-70.500000	19.928554	0.000000
238.500000	-67.500000	19.370899	0.000000
238.500000	-64.500000	19.619074	0.000000
238.500000	-61.500000	19.547194	0.000000
238.500000	-58.500000	18.384232	0.000000
238.500000	-55.500000	16.981165	0.000000
238.500000	-52.500000	15.487528	0.000000
238.500000	-49.500000	14.129999	0.000000
238.500000	-46.500000	12.743463	0.000000
238.500000	-43.500000	11.328664	0.000000
238.500000	-40.500000	10.102422	0.000000
238.500000	-37.500000	8.958347	0.000000
238.500000	-34.500000	8.240652	0.000000
238.500000	-31.500000	7.626720	0.000000
238.500000	-28.500000	6.841575	0.000001
238.500000	-25.500000	6.248381	0.000004
238.500000	-22.500000	5.783408	0.000008
238.500000	-19.500000	5.390742	0.000016
238.500000	-16.500000	5.261105	0.000019
238.500000	-13.500000	5.169748	0.000023
238.500000	-10.500000	5.062041	0.000027
238.500000	-7.500000	5.215744	0.000021
238.500000	-4.500000	5.424564	0.000015
238.500000	-1.500000	5.744332	0.000009
238.500000	1.500000	6.118226	0.000005
238.500000	4.500000	6.209012	0.000004
238.500000	7.500000	6.250630	0.000004
238.500000	10.500000	6.454566	0.000003
238.500000	13.500000	6.756320	0.000002
238.500000	16.500000	7.030756	0.000001
238.500000	19.500000	7.354137	0.000001
238.500000	22.500000	7.675772	0.000000
238.500000	25.500000	7.875353	0.000000
238.500000	28.500000	7.860778	0.000000
238.500000	31.500000	8.264657	0.000000
238.500000	34.500000	8.811714	0.000000
238.500000	37.500000	9.137286	0.000000
238.500000	40.500000	9.589093	0.000000
238.500000	43.500000	10.160749	0.000000
238.500000	46.500000	10.668773	0.000000
238.500000	49.500000	11.297291	0.000000
238.500000	52.500000	11.982824	0.000000
238.500000	55.500000	12.735473	0.000000
238.500000	58.500000	13.584519	0.000000
238.500000	61.500000	14.274232	0.000000
238.500000	64.500000	15.032730	0.000000
238.500000	67.500000	16.174279	0.000000
238.500000	70.500000	16.986560	0.000000
238.500000	73.500000	17.602339	0.000000

241.500000	-73.500000	20.461650	0.000000
241.500000	-70.500000	19.624599	0.000000
241.500000	-67.500000	18.743072	0.000000
241.500000	-64.500000	18.484830	0.000000
241.500000	-61.500000	17.961950	0.000000
241.500000	-58.500000	16.790063	0.000000
241.500000	-55.500000	15.418141	0.000000
241.500000	-52.500000	14.002077	0.000000
241.500000	-49.500000	12.612394	0.000000
241.500000	-46.500000	11.143691	0.000000
241.500000	-43.500000	9.713891	0.000000
241.500000	-40.500000	8.494640	0.000000
241.500000	-37.500000	7.344881	0.000001
241.500000	-34.500000	6.542219	0.000002
241.500000	-31.500000	5.900344	0.000007
241.500000	-28.500000	5.160021	0.000023
241.500000	-25.500000	4.597048	0.000059
241.500000	-22.500000	4.190220	0.000118
241.500000	-19.500000	3.887331	0.000196
241.500000	-16.500000	3.881398	0.000198
241.500000	-13.500000	3.865649	0.000203
241.500000	-10.500000	3.911817	0.000188
241.500000	-7.500000	4.242035	0.000108
241.500000	-4.500000	4.506240	0.000069
241.500000	-1.500000	4.828432	0.000040
241.500000	1.500000	5.137704	0.000024
241.500000	4.500000	5.217895	0.000021
241.500000	7.500000	5.276094	0.000019
241.500000	10.500000	5.496383	0.000013
241.500000	13.500000	5.799578	0.000008
241.500000	16.500000	6.066646	0.000005
241.500000	19.500000	6.294476	0.000003
241.500000	22.500000	6.594746	0.000002
241.500000	25.500000	6.826886	0.000001
241.500000	28.500000	6.964174	0.000001
241.500000	31.500000	7.441581	0.000000
241.500000	34.500000	8.013033	0.000000
241.500000	37.500000	8.418305	0.000000
241.500000	40.500000	8.893213	0.000000
241.500000	43.500000	9.424281	0.000000
241.500000	46.500000	9.877936	0.000000
241.500000	49.500000	10.527043	0.000000
241.500000	52.500000	11.201504	0.000000
241.500000	55.500000	11.907835	0.000000
241.500000	58.500000	12.678892	0.000000
241.500000	61.500000	13.374301	0.000000
241.500000	64.500000	14.149007	0.000000
241.500000	67.500000	15.351499	0.000000
241.500000	70.500000	16.161267	0.000000
241.500000	73.500000	16.788711	0.000000

244.500000	-73.500000	19.583180	0.000000
244.500000	-70.500000	18.394672	0.000000
244.500000	-67.500000	17.200845	0.000000
244.500000	-64.500000	16.488323	0.000000
244.500000	-61.500000	16.025154	0.000000
244.500000	-58.500000	14.868829	0.000000
244.500000	-55.500000	13.450878	0.000000
244.500000	-52.500000	12.074021	0.000000
244.500000	-49.500000	10.768158	0.000000
244.500000	-46.500000	9.317309	0.000000
244.500000	-43.500000	7.978939	0.000000
244.500000	-40.500000	6.897136	0.000001
244.500000	-37.500000	5.788463	0.000008
244.500000	-34.500000	4.865545	0.000038
244.500000	-31.500000	4.126303	0.000131
244.500000	-28.500000	3.422801	0.000427
244.500000	-25.500000	2.964142	0.000924
244.500000	-22.500000	2.659242	0.001542
244.500000	-19.500000	2.391123	0.002420
244.500000	-16.500000	2.401976	0.002376
244.500000	-13.500000	2.447238	0.002202
244.500000	-10.500000	2.677634	0.001495
244.500000	-7.500000	3.213478	0.000607
244.500000	-4.500000	3.666955	0.000283
244.500000	-1.500000	4.111746	0.000134
244.500000	1.500000	4.441744	0.000077
244.500000	4.500000	4.545103	0.000065
244.500000	7.500000	4.603952	0.000059
244.500000	10.500000	4.856365	0.000038
244.500000	13.500000	5.079486	0.000026
244.500000	16.500000	5.154732	0.000023
244.500000	19.500000	5.314206	0.000018
244.500000	22.500000	5.642829	0.000010
244.500000	25.500000	5.887608	0.000007
244.500000	28.500000	6.185071	0.000004
244.500000	31.500000	6.709283	0.000002
244.500000	34.500000	7.263124	0.000001
244.500000	37.500000	7.787628	0.000000
244.500000	40.500000	8.281021	0.000000
244.500000	43.500000	8.687281	0.000000
244.500000	46.500000	9.162083	0.000000
244.500000	49.500000	9.978403	0.000000
244.500000	52.500000	10.564814	0.000000
244.500000	55.500000	11.071732	0.000000
244.500000	58.500000	11.996025	0.000000
244.500000	61.500000	12.726486	0.000000
244.500000	64.500000	13.391566	0.000000
244.500000	67.500000	14.384266	0.000000
244.500000	70.500000	15.108746	0.000000
244.500000	73.500000	15.747283	0.000000

247.500000	-73.500000	19.038909	0.000000
247.500000	-70.500000	17.821491	0.000000
247.500000	-67.500000	16.541281	0.000000
247.500000	-64.500000	15.252654	0.000000
247.500000	-61.500000	14.111516	0.000000
247.500000	-58.500000	12.823843	0.000000
247.500000	-55.500000	11.354227	0.000000
247.500000	-52.500000	9.993918	0.000000
247.500000	-49.500000	8.843013	0.000000
247.500000	-46.500000	7.485444	0.000000
247.500000	-43.500000	6.224789	0.000004
247.500000	-40.500000	5.249533	0.000020
247.500000	-37.500000	4.215158	0.000113
247.500000	-34.500000	3.262486	0.000559
247.500000	-31.500000	2.550545	0.001851
247.500000	-28.500000	1.914182	0.005395
247.500000	-25.500000	1.569430	0.009631
247.500000	-22.500000	1.409610	0.012599
247.500000	-19.500000	1.239561	0.016768
247.500000	-16.500000	1.419098	0.012400
247.500000	-13.500000	1.664964	0.008202
247.500000	-10.500000	2.041875	0.004353
247.500000	-7.500000	2.634864	0.001606
247.500000	-4.500000	3.180859	0.000642
247.500000	-1.500000	3.700472	0.000268
247.500000	1.500000	4.015746	0.000158
247.500000	4.500000	4.135483	0.000129
247.500000	7.500000	4.160803	0.000124
247.500000	10.500000	4.398084	0.000083
247.500000	13.500000	4.523663	0.000067
247.500000	16.500000	4.483548	0.000072
247.500000	19.500000	4.623522	0.000057
247.500000	22.500000	4.924425	0.000034
247.500000	25.500000	5.124897	0.000024
247.500000	28.500000	5.488468	0.000013
247.500000	31.500000	6.026342	0.000005
247.500000	34.500000	6.546809	0.000002
247.500000	37.500000	7.169638	0.000001
247.500000	40.500000	7.739033	0.000000
247.500000	43.500000	8.151035	0.000000
247.500000	46.500000	8.658853	0.000000
247.500000	49.500000	9.485297	0.000000
247.500000	52.500000	9.968079	0.000000
247.500000	55.500000	10.419009	0.000000
247.500000	58.500000	11.412560	0.000000
247.500000	61.500000	12.095106	0.000000
247.500000	64.500000	12.647707	0.000000
247.500000	67.500000	13.818442	0.000000
247.500000	70.500000	14.691666	0.000000
247.500000	73.500000	15.352044	0.000000

250.500000	-73.500000	18.743069	0.000000
250.500000	-70.500000	17.444885	0.000000
250.500000	-67.500000	16.072297	0.000000
250.500000	-64.500000	14.494751	0.000000
250.500000	-61.500000	12.630307	0.000000
250.500000	-58.500000	11.149357	0.000000
250.500000	-55.500000	9.779040	0.000000
250.500000	-52.500000	8.328804	0.000000
250.500000	-49.500000	7.164899	0.000001
250.500000	-46.500000	5.977995	0.000006
250.500000	-43.500000	4.865400	0.000038
250.500000	-40.500000	3.936805	0.000180
250.500000	-37.500000	2.966363	0.000920
250.500000	-34.500000	2.067493	0.004169
250.500000	-31.500000	1.456661	0.011641
250.500000	-28.500000	0.931916	0.028125
250.500000	-25.500000	0.721546	0.040057
250.500000	-22.500000	0.611011	0.048236
250.500000	-19.500000	0.446077	0.063648
250.500000	-16.500000	0.726344	0.039735
250.500000	-13.500000	1.139722	0.019833
250.500000	-10.500000	1.644371	0.008491
250.500000	-7.500000	2.178268	0.003461
250.500000	-4.500000	2.623218	0.001638
250.500000	-1.500000	3.075914	0.000765
250.500000	1.500000	3.523227	0.000361
250.500000	4.500000	3.791439	0.000230
250.500000	7.500000	3.866991	0.000202
250.500000	10.500000	4.070660	0.000144
250.500000	13.500000	4.155627	0.000125
250.500000	16.500000	4.085078	0.000140
250.500000	19.500000	3.981206	0.000167
250.500000	22.500000	4.011050	0.000159
250.500000	25.500000	4.214037	0.000113
250.500000	28.500000	4.778345	0.000044
250.500000	31.500000	5.441551	0.000014
250.500000	34.500000	5.985677	0.000006
250.500000	37.500000	6.517790	0.000002
250.500000	40.500000	7.150622	0.000001
250.500000	43.500000	7.650126	0.000000
250.500000	46.500000	8.155395	0.000000
250.500000	49.500000	8.936513	0.000000
250.500000	52.500000	9.394745	0.000000
250.500000	55.500000	9.819472	0.000000
250.500000	58.500000	10.701524	0.000000
250.500000	61.500000	11.278217	0.000000
250.500000	64.500000	11.837585	0.000000
250.500000	67.500000	13.156605	0.000000
250.500000	70.500000	14.379477	0.000000
250.500000	73.500000	15.196154	0.000000

253.500000	-73.500000	18.539198	0.000000
253.500000	-70.500000	17.050942	0.000000
253.500000	-67.500000	15.394779	0.000000
253.500000	-64.500000	13.608903	0.000000
253.500000	-61.500000	11.471587	0.000000
253.500000	-58.500000	9.666174	0.000000
253.500000	-55.500000	8.349308	0.000000
253.500000	-52.500000	6.911911	0.000001
253.500000	-49.500000	5.739050	0.000009
253.500000	-46.500000	4.600771	0.000059
253.500000	-43.500000	3.631001	0.000301
253.500000	-40.500000	2.899119	0.001030
253.500000	-37.500000	1.979672	0.004832
253.500000	-34.500000	1.188830	0.018261
253.500000	-31.500000	0.692454	0.042064
253.500000	-28.500000	0.360405	0.073507
253.500000	-25.500000	0.299790	0.081392
253.500000	-22.500000	0.066964	0.120380
253.500000	-19.500000	0.000000	0.134724
253.500000	-16.500000	0.414044	0.067169
253.500000	-13.500000	0.526144	0.055632
253.500000	-10.500000	1.100226	0.021194
253.500000	-7.500000	1.640735	0.008543
253.500000	-4.500000	2.042448	0.004348
253.500000	-1.500000	2.640531	0.001591
253.500000	1.500000	3.272404	0.000550
253.500000	4.500000	3.771852	0.000238
253.500000	7.500000	4.106870	0.000135
253.500000	10.500000	4.344461	0.000091
253.500000	13.500000	4.402128	0.000082
253.500000	16.500000	4.153053	0.000125
253.500000	19.500000	3.529119	0.000357
253.500000	22.500000	3.188714	0.000633
253.500000	25.500000	3.506466	0.000371
253.500000	28.500000	4.417785	0.000080
253.500000	31.500000	5.233157	0.000020
253.500000	34.500000	5.652218	0.000010
253.500000	37.500000	5.595202	0.000011
253.500000	40.500000	6.150784	0.000004
253.500000	43.500000	6.887922	0.000001
253.500000	46.500000	7.280151	0.000001
253.500000	49.500000	8.147187	0.000000
253.500000	52.500000	8.677582	0.000000
253.500000	55.500000	9.051296	0.000000
253.500000	58.500000	9.810094	0.000000
253.500000	61.500000	10.430970	0.000000
253.500000	64.500000	11.271007	0.000000
253.500000	67.500000	12.675619	0.000000
253.500000	70.500000	14.080732	0.000000
253.500000	73.500000	15.407998	0.000000

