181.5 1.5 15.8468
184.5 1.5 14.7341
187.5 1.5 13.3699
190.5 1.5 12.2986
193.5 1.5 11.2094
196.5 1.5 10.7286
196.5 -1.5 10.6538
199.5 -1.5 10.5691
199.5 -4.5 10.4579
199.5 -7.5 10.2457
202.5 -7.5 10.132
202.5 -10.5 9.73119
202.5 -13.5 9.83324
205.5 -13.5 9.79103
205.5 -16.5 9.81146
208.5 -16.5 10.0458
208.5 -13.5 10.058
208.5 -10.5 10.3261
208.5 -7.5 10.8368
208.5 -4.5 11.1722
208.5 -1.5 11.59
211.5 -1.5 11.8686
211.5 -4.5 11.7466
211.5 -7.5 11.5166
211.5 -10.5 11.0636
211.5 -13.5 10.8047
211.5 -16.5 10.751
211.5 -19.5 10.7159
211.5 -22.5 11.0638
211.5 -25.5 11.4682
211.5 -28.5 12.0266
214.5 -28.5 12.5246
214.5 -25.5 12.0925
214.5 -22.5 11.7821
214.5 -19.5 11.5221
214.5 -16.5 11.6686
214.5 -13.5 11.7698
214.5 -10.5 11.8142
214.5 -7.5 11.8723
217.5 -7.5 11.6775
220.5 -7.5 11.1772
223.5 -7.5 10.3763
226.5 -7.5 9.42271
229.5 -7.5 8.44068
232.5 -7.5 7.38136
235.5 -7.5 6.24916
238.5 -7.5 5.21574
241.5 -7.5 4.24203
244.5 -7.5 3.21348
247.5 -7.5 2.63486
247.5 -10.5 2.04188
250.5 -10.5 1.64437
253.5 -10.5 1.10023
